-1,-0.581809165250059,0.290831774256332,1.70572006709043e-09,-2.10179656332506e-05
-0.99,-0.581809165220246,0.290831409606764,5.53224798897978e-09,-6.73589391100244e-05
-0.98,-0.581809165129185,0.290830312005628,1.24275051100969e-08,-0.000148221489228184
-0.97,-0.58180916497191,0.290828470459048,1.92586591817666e-08,-0.000221499418889004
-0.96,-0.58180916473985,0.29082586652161,2.73381815691362e-08,-0.000299426040643214
-0.95,-0.581809164420357,0.29082247411164,3.6854549197536e-08,-0.000379700640772499
-0.94,-0.581809163996016,0.29081825925002,4.83939548470906e-08,-0.000463952873114773
-0.93,-0.581809163443698,0.290813179719913,6.25672367873773e-08,-0.000552805385122548
-0.92,-0.5818091627333,0.290807184644008,8.01517585371602e-08,-0.000647207390182584
-0.91,-0.581809161826102,0.290800213975052,1.02104686036675e-07,-0.000748088512374999
-0.9,-0.581809160672656,0.290792197894569,1.29622894693607e-07,-0.000856463391996362
-0.89,-0.581809159210093,0.290783056113758,1.64206192562673e-07,-0.00097341630767869
-0.88,-0.581809157358698,0.290772697069587,2.07739545214388e-07,-0.0011001188718268
-0.87,-0.58180915501756,0.29076101700803,2.62595729077719e-07,-0.00123783992343233
-0.86,-0.581809152059074,0.290747898945312,3.31764681389592e-07,-0.00138795871689788
-0.85,-0.58180914832199,0.290733211496757,4.19016450383646e-07,-0.00155197859086647
-0.84,-0.581809143602617,0.290716807561568,5.29106687464757e-07,-0.00173154204292848
-0.83,-0.581809137643727,0.290698522850387,6.6803583203932e-07,-0.00192844714852522
-0.82,-0.58180913012053,0.290678174240965,8.43376209016282e-07,-0.00214466554392106
-0.81,-0.581809120622975,0.290655557945518,1.06468470723571e-06,-0.00238236213655406
-0.8,-0.581809108633401,0.290630447471524,1.34402369127391e-06,-0.00264391674212781
-0.79,-0.581809093498315,0.290602591355629,1.69661848781882e-06,-0.00293194786148014
-0.78,-0.581809074392784,0.290571710648122,2.14168719620107e-06,-0.00324933883237934
-0.77,-0.581809050275464,0.290537496122946,2.70348814472904e-06,-0.00359926661390716
-0.76,-0.581809019831845,0.290499605185541,3.41264216826148e-06,-0.00398523348649085
-0.75,-0.581808981402603,0.290457658447819,4.3078014556307e-06,-0.00441110197842316
-0.74,-0.581808932893163,0.290411235936339,5.43775634295106e-06,-0.00488113336028591
-0.73,-0.581808871659532,0.290359872896146,6.86409458736693e-06,-0.00540003008221736
-0.72,-0.581808794364188,0.290303055148823,8.66455807484595e-06,-0.00597298256566197
-0.71,-0.581808696794175,0.290240213958992,1.09372801626121e-05,-0.00660572080134773
-0.7,-0.581808573631478,0.290170720358757,1.38061341873222e-05,-0.00730457124889372
-0.69,-0.581808418163168,0.290093878874399,1.74274850506525e-05,-0.00807651958098004
-0.68,-0.581808221915525,0.290008920593959,2.19987115527736e-05,-0.00892927986647371
-0.67,-0.581807974192184,0.289914995508102,2.77689640041609e-05,-0.00987137084237092
-0.66,-0.581807661491155,0.289811164049892,3.50527434498746e-05,-0.010912199984209
-0.65,-0.581807266768917,0.289696387751676,4.4247042334939e-05,-0.0120621561484431
-0.64,-0.58180676851151,0.289569518929205,5.58529807487013e-05,-0.0133327116281094
-0.63,-0.581806139561976,0.289429289294357,7.05031170579605e-05,-0.0147365345346997
-0.62,-0.581805345640276,0.289274297388335,8.89959210014475e-05,-0.0162876124939163
-0.61,-0.581804343475015,0.289102994716922,0.000112339287078802,-0.0180013887201103
-0.6,-0.581803078445183,0.288913670458379,0.000141805458563121,-0.0198949116125094
-0.59,-0.581801481603433,0.288704434602708,0.000179000353211626,-0.0219869990941192
-0.58,-0.581799465918727,0.288473199368452,0.000225951065457279,-0.0242984189890819
-0.57,-0.581796921533689,0.288217658729863,0.000285216308307223,-0.0268520868030352
-0.56,-0.581793709778383,0.28793526587335,0.000360025804631443,-0.0296732823294488
-0.55,-0.581789655614566,0.287623208387637,0.000454456209942066,-0.0327898865471922
-0.54,-0.581784538099133,0.287278380977312,0.000573653130499474,-0.036232640293143
-0.53,-0.581778078347799,0.286897355474641,0.000724111298291431,-0.0400354261788994
-0.52,-0.581769924344351,0.286476347910084,0.000914028111084838,-0.0442355751595741
-0.51,-0.581759631769633,0.286011182388454,0.00115374970711191,-0.0488741990388006
-0.5,-0.581746639808791,0.285497251505747,0.00145633372828385,-0.0539965499863058
-0.49,-0.581730240623594,0.284929473032423,0.0018382591915988,-0.0596524078253167
-0.48,-0.581709540834622,0.284302242583516,0.0023203217561831,-0.0658964953819009
-0.47,-0.581683412927743,0.283609381996138,0.00292876253873949,-0.0727889215326656
-0.46,-0.581650433958321,0.282844083142858,0.00369669097920166,-0.0803956506846834
-0.45,-0.581608808247296,0.281998846927898,0.00466587767858402,-0.0887889962007093
-0.44,-0.581556269911571,0.281065417245721,0.00588901233125671,-0.0980481336536168
-0.43,-0.581489960004986,0.280034709733036,0.00743254568945,-0.108259627643378
-0.42,-0.581406271714977,0.27889673522131,0.00938026388920677,-0.119517963096194
-0.41,-0.581300655402476,0.277640517905234,0.0118377795066089,-0.131926068312278
-0.4,-0.581167373216853,0.276254008392432,0.0149381675215255,-0.145595812318274
-0.39,-0.580999190480499,0.274723992003134,0.0188490270004429,-0.160648453044831
-0.38,-0.580786987926647,0.273035992960223,0.0237813115386307,-0.177215005164939
-0.37,-0.580519275091935,0.271174175468434,0.0300003434141799,-0.195436486705255
-0.36,-0.58018158062018,0.269121243149188,0.0378395067446868,-0.215463991324474
-0.35,-0.579755689857285,0.26685833890203,0.0477172000021774,-0.237458517918227
-0.34,-0.579218693897211,0.264364948037907,0.0601577101373053,-0.261590470386869
-0.33,-0.578541807273928,0.261618808512462,0.0758167344557195,-0.288038717404462
-0.32,-0.577688904082895,0.258595833323473,0.095512296334455,-0.316989074325702
-0.31,-0.576614715095742,0.255270051674701,0.120261733662204,-0.348632036621275
-0.3,-0.57526262259513,0.25161357739908,0.151325215346235,-0.383159556507102
-0.29,-0.573561987263881,0.247596615424001,0.19025575451131,-0.420760612560309
-0.28,-0.571424945889312,0.243187519782434,0.238954778353973,-0.461615278245387
-0.27,-0.568742635175117,0.238352919826504,0.299730758701819,-0.505886953707026
-0.26,-0.565380833499968,0.233057934827026,0.375355903642003,-0.553712393549034
-0.25,-0.561175080282403,0.227266500886367,0.469112094544563,-0.60518915413793
-0.24,-0.555925446715741,0.220941837738106,0.584811753447951,-0.660360116575228
-0.23,-0.549391310204856,0.214047086005125,0.726771914927601,-0.719194843933758
-0.22,-0.541286746425034,0.206546146958373,0.899710674053715,-0.78156774160948
-0.21,-0.53127750954946,0.1984047554559,1.10852558547638,-0.847233354395965
-0.2,-0.518981014886141,0.189591810753061,1.35790644570851,-0.915799702400378
-0.19,-0.503971219137343,0.180080977019174,1.65173575532456,-0.98670136702013
-0.18,-0.485790691363976,0.169852543236399,1.99224758964281,-1.05917508451768
-0.17,-0.463972265467116,0.158895498659613,2.37895998717235,-1.13224180277744
-0.16,-0.438072149121163,0.147209734618356,2.80747513451173,-1.20470028978552
-0.15,-0.407714889491913,0.134808228560384,3.26835226734175,-1.27513806784942
-0.14,-0.372647952577653,0.12171900888226,3.74637475917426,-1.34196515964549
-0.13,-0.33280004735388,0.107986651774613,4.22060133737111,-1.40347432929994
-0.12,-0.288333550641505,0.0936730410181011,4.66554047218562,-1.45792788240243
-0.11,-0.239678951758841,0.0788571458630407,5.05356545239801,-1.50366591456194
-0.1,-0.187539820517383,0.0636336518533579,5.35831675545907,-1.5392252087728
-0.09,-0.132861372587209,0.0481104117800895,5.55844127725539,-1.56345347523222
-0.08,-0.0767636055353716,0.0324048478545337,5.64078263012275,-1.57560208994556
-0.07,-0.0204487652061079,0.0166395957940192,5.60221041658391,-1.57538296080665
-0.06,0.0349006767259771,0.000937797122398172,5.44966038194623,-1.56298128646848
-0.05,0.0882157053735544,-0.0145815113885048,5.19848922952986,-1.53902404807665
-0.04,0.13861172183243,-0.0298075001303005,4.86969623187022,-1.50451169703455
-0.03,0.185429164338127,-0.0446408329827158,4.48676353236111,-1.46072564204842
-0.02,0.228243540792545,-0.058995967233975,4.07279532671977,-1.4091258658741
-0.01,0.266850278544251,-0.0728024353756809,3.64838942259688,-1.35125161234473
0,0.301232677907195,-0.086005190572171,3.23038811728781,-1.28863468620579
0.01,0.331521519809043,-0.0985641726274958,2.83143048768959,-1.22273081837657
0.02,0.357953396149637,-0.110453286501048,2.46010540468631,-1.15487081895117
0.03,0.380832608124767,-0.121658987791529,2.12147438828236,-1.08623045502885
0.04,0.400499282620725,-0.132178649634789,1.81776298351073,-1.01781630105564
0.05,0.417304611476702,-0.142018853586173,1.54907468325512,-0.95046407914176
0.06,0.431592949860265,-0.151193711598197,1.3140384553309,-0.884845971399701
0.07,0.443689863854107,-0.15972329270238,1.11034720864291,-0.821483770121391
0.08,0.45389496222338,-0.167632199470109,0.935176419031793,-0.760765309688262
0.09,0.462478343318958,-0.174948316870204,0.785490954685271,-0.702962241472833
0.1,0.469679620211307,-0.181701739651545,0.658257158605378,-0.648247778851135
0.11,0.475708674861629,-0.187923873097988,0.550579873694384,-0.596713511457667
0.12,0.480747486048619,-0.193646694917944,0.45978309781051,-0.548384755238071
0.13,0.484952549938459,-0.198902162121891,0.383450258112585,-0.503234174761215
0.14,0.488457556107219,-0.203721745105098,0.319436887319209,-0.461193601863289
0.15,0.491376094024461,-0.208136071053972,0.265865418411142,-0.422164097409908
0.16,0.493804248588861,-0.212174659667165,0.221109183528808,-0.386024377117152
0.17,0.495823003176527,-0.215865735612954,0.183770593093428,-0.352637761815868
0.18,0.497500409970957,-0.219236103842623,0.152656858726288,-0.321857828256788
0.19,0.498893514725649,-0.222311075651863,0.126755436738183,-0.293532936829879
0.2,0.500050040400586,-0.225114435105968,0.105210523209587,-0.267509803427236
0.21,0.501009844314169,-0.227668437048078,0.0873013469791917,-0.243636268325573
0.22,0.501806168821511,-0.229993829355879,0.0724226151512169,-0.221763398243632
0.23,0.502466707715065,-0.232109893387349,0.0600672126848801,-0.201747040481109
0.24,0.503014510713468,-0.2340344976611,0.0498111016965459,-0.183448931398205
0.25,0.503468747368396,-0.235784160761225,0.0413002765281133,-0.166737446088897
0.26,0.503845350023545,-0.237374120254442,0.0342395852140773,-0.151488062248746
0.27,0.504157553463165,-0.238818405074977,0.0283832110464333,-0.137583599041778
0.28,0.504416346817078,-0.240129909386503,0.023526608659974,-0.124914281202457
0.29,0.504630851282443,-0.241320466386362,0.0194997000971529,-0.113377669564009
0.3,0.504808635356583,-0.242400920889839,0.0161611528030829,-0.102878491542353
0.31,0.504955977587851,-0.243381199834368,0.0133935803126814,-0.0933283986683475
0.32,0.505078085355329,-0.244270380086869,0.0110995255697198,-0.0846456728931714
0.33,0.505179276880518,-0.24507675313165,0.00919810520873263,-0.0767548989434681
0.34,0.505263132543693,-0.24580788637022,0.00762221010479138,-0.069586616338353
0.35,0.505332620608487,-0.246470680884899,0.00631617276269488,-0.0630769616778744
0.36,0.505390201632876,-0.247071425611605,0.00523382559934064,-0.0571673093657881
0.37,0.505437915145415,-0.247615847938523,0.00433688591824884,-0.0518039169462791
0.38,0.505477451575463,-0.248109160800894,0.0035936135035925,-0.0469375796357687
0.39,0.505510211929947,-0.248556106381323,0.00297769542725003,-0.0425232973505248
0.4,0.505537357292941,-0.248960996552727,0.00246732003087265,-0.038519956511827
0.41,0.50555984987605,-0.249327750219668,0.00204440828001166,-0.0348900281057784
0.42,0.505578487056588,-0.249659927725327,0.00169397594309556,-0.0315992828451189
0.43,0.505593929597771,-0.249960762497265,0.001403604464043,-0.0286165237928307
0.44,0.505606725042913,-0.250233190106831,0.00116300209840797,-0.0259133364347073
0.45,0.505617327107226,-0.250479874915398,0.000963639978785264,-0.0234638559082818
0.46,0.505626111750826,-0.250703234476689,0.000798450360179873,-0.0212445508898166
0.47,0.50563339050013,-0.250905461858606,0.000661576451550679,-0.0192340234947321
0.48,0.505639421488165,-0.251088546041077,0.000548165035292056,-0.0174128244475026
0.49,0.505644418604008,-0.251254290538603,0.000454194570649876,-0.0157632827142986
0.5,0.505648559074954,-0.251404330387952,0.000376332718987129,-0.0142693487578358
0.51,0.505651989749702,-0.251540147632962,0.000311818261817048,-0.0129164505621286
0.52,0.505654832304976,-0.251663085429906,0.000258363240138533,-0.0116913615798932
0.53,0.50565718755996,-0.251774360888477,0.000214071855019754,-0.0105820797728509
0.54,0.50565913905138,-0.251875076755283,0.000177373261089165,-0.00957771694189618
0.55,0.505660755995872,-0.251966232038869,0.000146965874232194,-0.00866839757715944
0.56,0.505662095744646,-0.25204873166777,0.000121771221905652,-0.00784516649534922
0.57,0.505663205817418,-0.25212339526597,0.000100895701751419,-0.00709990457170318
0.58,0.505664125587722,-0.252190965123427,8.35988937206154e-05,-0.00642525191511701
0.59,0.50566488767935,-0.252252113432999,6.92673029652095e-05,-0.00581453787656233
0.6,0.505665519123417,-0.252307448859239,5.73926029396263e-05,-0.00526171732198956
0.61,0.505666042317091,-0.252357522499018,4.75536077198587e-05,-0.00476131264099058
0.62,0.505666475817977,-0.252402833288862,3.94013342702206e-05,-0.00430836100116339
0.63,0.505666835002325,-0.252443832909153,3.26466252371466e-05,-0.00389836639509573
0.64,0.505667132610406,-0.252480930231007,2.70498932932984e-05,-0.00352725606199355
0.65,0.505667379198398,-0.252514495347627,2.24126235938263e-05,-0.00319134089911
0.66,0.505667583512807,-0.252544863228233,1.85703327660156e-05,-0.00288727950923887
0.67,0.505667752800697,-0.25257233702928,1.53867348974902e-05,-0.00261204555961925
0.68,0.505667893066741,-0.252597191094574,1.274890775397e-05,-0.00236289815468688
0.69,0.505668009286208,-0.252619673673042,1.05632874023674e-05,-0.00213735495025779
0.7,0.505668105581431,-0.252640009380293,8.75234960685193e-06,-0.00193316776001579
0.71,0.505668185368027,-0.252658401427765,7.25186010516877e-06,-0.0017483004266805
0.72,0.505668251476052,-0.252675033641016,6.00859627371083e-06,-0.00158090875005127
0.73,0.505668306250376,-0.252690072286796,4.97845927488066e-06,-0.00142932228235038
0.74,0.505668351633862,-0.252703667726674,4.12490986220423e-06,-0.00129202781802592
0.75,0.505668389236279,-0.252715955913379,3.41767242773586e-06,-0.00116765442051712
0.76,0.505668420391398,-0.252727059744483,2.83166105930017e-06,-0.00105495984252883
0.77,0.505668446204301,-0.252737090286712,2.34608973709004e-06,-0.000952818209201599
0.78,0.505668467590582,-0.252746147882898,1.94373510894073e-06,-0.000860208845286144
0.79,0.50566848530882,-0.252754323152473,1.61032552246301e-06,-0.000776206138121697
0.8,0.505668499987488,-0.252761697895351,1.33403480833662e-06,-0.00069997033795689
0.81,0.505668512147245,-0.252768345908127,1.10506284896233e-06,-0.000630739206011992
0.82,0.505668522219402,-0.252774333720653,9.15287923077536e-07,-0.000567820428741225
0.83,0.505668530561222,-0.252779721260277,7.57978638808866e-07,-0.000510584724046226
0.84,0.505668537468594,-0.252784562450309,6.27555181763869e-07,-0.000458459571883043
0.85,0.505668543186525,-0.252788905748674,5.1939139248417e-07,-0.000410923507573695
0.86,0.505668547917832,-0.252792794632056,4.29650641581703e-07,-0.000367500921919614
0.87,0.505668551830337,-0.252796268030377,3.55149781194162e-07,-0.000327757315834955
0.88,0.505668555062819,-0.252799360715896,2.93246248225091e-07,-0.000291294966649293
0.89,0.505668557729934,-0.252802103650813,2.41744302087872e-07,-0.000257748948208098
0.9,0.505668559926288,-0.252804524296832,1.98817150099207e-07,-0.000226783521438247
0.91,0.505668561729784,-0.252806646889761,1.62942085326347e-07,-0.000198088650472731
0.92,0.505668563204395,-0.252808492681878,1.32846804912108e-07,-0.000171377390261564
0.93,0.505668564402426,-0.252810080154489,1.07463131033241e-07,-0.000146381206926898
0.94,0.50566856536637,-0.252811425202788,8.58932240799392e-08,-0.000122854055103797
0.95,0.505668566130421,-0.252812541294856,6.73624856376502e-08,-0.00010054468257474
0.96,0.505668566721678,-0.252813439606396,5.1249159536464e-08,-7.92882970174453e-05
0.97,0.505668567161115,-0.252814129132543,3.68491145582975e-08,-5.86534355586586e-05
0.98,0.505668567464318,-0.252814616777855,2.41463068255766e-08,-3.92493984780032e-05
0.99,0.505668567642042,-0.252814907425399,1.08437974278362e-08,-1.78368274312942e-05
1,0.505668567700591,-0.252815003985608,3.36046573619058e-09,-5.56561753375653e-06
