-1,-0.54824265936224,0.274065185191764,2.80197113139183e-07,-1.62075180217295e-05
-0.99,-0.548242654489538,0.274064904004732,9.01416590137701e-07,-5.19410733311561e-05
-0.98,-0.548242639753679,0.274064057651577,1.99670494326932e-06,-0.0001142902447852
-0.97,-0.548242614798567,0.274062637728735,3.01905471439088e-06,-0.000170780746860296
-0.96,-0.548242579021154,0.274060630138761,4.14683360597002e-06,-0.000230840612561867
-0.95,-0.548242531556867,0.274058014952146,5.36612106295403e-06,-0.000292689779369
-0.94,-0.548242471258715,0.274054766212042,6.71741398661041e-06,-0.000357578285629644
-0.93,-0.548242396669575,0.27405085168002,8.23041061098667e-06,-0.000425978716078194
-0.92,-0.548242305986977,0.274046232520482,9.94246498374103e-06,-0.000498614317877399
-0.91,-0.548242197019549,0.274040862920718,1.18947370532887e-05,-0.000576191802851501
-0.9,-0.548242067134064,0.274034689643032,1.41344607352311e-05,-0.000659481705694831
-0.89,-0.548241913191802,0.274027651504719,1.6715744082807e-05,-0.000749306174080286
-0.88,-0.548241731472713,0.274019678781,1.97009682092072e-05,-0.000846552207854574
-0.87,-0.548241517585512,0.274010692525313,2.31622701858697e-05,-0.000952178816439719
-0.86,-0.548241266361574,0.274000603800618,2.71832927351896e-05,-0.00106722664100017
-0.85,-0.54824097173003,0.273989312814524,3.18612036053867e-05,-0.00119282785612798
-0.84,-0.54824062657107,0.273976707950236,3.73090439675901e-05,-0.00133021704907709
-0.83,-0.548240222543899,0.273962664684315,4.36584597404453e-05,-0.00148074301052979
-0.82,-0.548239749885185,0.273947044381315,5.10628825807507e-05,-0.00164588158498992
-0.81,-0.548239197173141,0.273929692954207,5.97012371763254e-05,-0.00182724968180961
-0.8,-0.548238551051533,0.273910439378369,6.97822644411628e-05,-0.00202662057169071
-0.79,-0.548237795906942,0.273889094045647,8.15495650125705e-05,-0.00224594059930128
-0.78,-0.548236913491501,0.273865446943625,9.52874848539543e-05,-0.00248734745427611
-0.77,-0.548235882481977,0.273839265643746,0.000111327985082205,-0.00275319015396027
-0.76,-0.548234677964545,0.273810293080379,0.000130058661886202,-0.00304605090352796
-0.75,-0.548233270832834,0.273778245101145,0.000151932110141597,-0.0033687690121103
-0.74,-0.548231627084681,0.273742807767015,0.000177476856724707,-0.00372446705740896
-0.73,-0.548229707000619,0.273703634378653,0.000207310127362066,-0.00411657950590003
-0.72,-0.548227464184277,0.273660342203374,0.000242152755025108,-0.00454888401111029
-0.71,-0.548224844441496,0.273612508874724,0.000282846589446323,-0.00502553562850459
-0.7,-0.548221784471142,0.273559668434283,0.000330374827521771,-0.00555110420216072
-0.69,-0.548218210335983,0.273501306982615,0.000385885754606518,-0.00613061519549275
-0.68,-0.54821403567676,0.273436857903484,0.000450720468666474,-0.00676959425562893
-0.67,-0.548209159626369,0.273365696622494,0.000526445254858594,-0.00747411581842237
-0.66,-0.548203464373834,0.273287134858126,0.000614889389620119,-0.00825085607816351
-0.65,-0.54819681231938,0.273200414319848,0.000718189283364909,-0.00910715066248
-0.64,-0.548189042752016,0.273104699804472,0.000838840022439145,-0.010051057368169
-0.63,-0.548179967969644,0.272999071638307,0.000979755547583665,-0.0110914243271946
-0.62,-0.548169368748267,0.272882517408938,0.0011443389118399,-0.0122379639830497
-0.61,-0.548156989051327,0.272753922926559,0.00133656430029718,-0.0135013332651998
-0.6,-0.548142529851982,0.272612062350951,0.00156107277270022,-0.014893220352272
-0.59,-0.548125641919977,0.272455587416272,0.00182328401390653,-0.0164264384116498
-0.58,-0.548105917400042,0.27228301568198,0.00212952675359083,-0.0181150266925286
-0.57,-0.548082879980037,0.272092717734569,0.00248719095352209,-0.0199743593292742
-0.56,-0.548055973413592,0.271882903261349,0.00290490536737654,-0.0220212621797226
-0.55,-0.548024548123078,0.271651605914488,0.00339274466475884,-0.0242741379759716
-0.54,-0.547987845563539,0.27139666688107,0.00396247098951124,-0.0267530999998464
-0.53,-0.547944979975651,0.271115717073212,0.00462781560541843,-0.0294801144075024
-0.52,-0.547894917094887,0.270806157851595,0.00540480718424846,-0.0324791512127332
-0.51,-0.547836449313419,0.270465140196381,0.00631215432706989,-0.0357763437908216
-0.5,-0.547768166709591,0.27008954224175,0.00737169109623209,-0.0394001565775086
-0.49,-0.547688423265415,0.269675945094701,0.00860889568906265,-0.0433815604030343
-0.48,-0.547595297483677,0.269220606865751,0.0100534939217855,-0.0477542146100817
-0.47,-0.547486546491066,0.268719434849403,0.0117401609285754,-0.0525546547461882
-0.46,-0.547359552570129,0.26816795580649,0.0137093364283853,-0.0578224841835335
-0.45,-0.547211260898667,0.267561284319509,0.0160081710777495,-0.06360056748773
-0.44,-0.5470381070883,0.266894089216987,0.0186916238091922,-0.0699352227162235
-0.43,-0.546835932902164,0.266160558094808,0.0218237326361881,-0.0768764090579432
-0.42,-0.546599888293289,0.265354360002801,0.0254790841492997,-0.0844779053079976
-0.41,-0.546324317638828,0.264468606415235,0.0297445097673455,-0.0927974735819953
-0.4,-0.546002627750458,0.263495810666052,0.0347210396308586,-0.101897001388668
-0.39,-0.545627134918991,0.262427846105879,0.0405261476603362,-0.111842613670066
-0.38,-0.545188887904578,0.261255903330296,0.0472963234918093,-0.122704744657871
-0.37,-0.544677463418991,0.259970446940362,0.055190008372458,-0.134558157353434
-0.36,-0.544080730274245,0.258561172429752,0.0643909321181815,-0.147481896091687
-0.35,-0.543384578008973,0.257016963951388,0.0751118861604314,-0.161559154971918
-0.34,-0.542572605476644,0.255325853903434,0.0875989625203751,-0.176877041915908
-0.33,-0.541625764625292,0.25347498549346,0.102136278862193,-0.193526214742944
-0.32,-0.540521954570915,0.251450579693981,0.119051193749539,-0.211600361948277
-0.31,-0.539235561140967,0.249237908295401,0.138719991437266,-0.231195496881557
-0.3,-0.537736937443098,0.246821275096294,0.161573978846363,-0.252409029831722
-0.29,-0.53599182183543,0.244184007647108,0.188105884838441,-0.275338578279647
-0.28,-0.533960691120275,0.241308462381445,0.218876378646908,-0.300080471504293
-0.27,-0.531598049088987,0.238176046425608,0.254520424506771,-0.326727902153082
-0.26,-0.528851654009707,0.234767259865115,0.295753056496399,-0.355368674782396
-0.25,-0.52566169363985,0.231061762753381,0.343373984248509,-0.386082500385537
-0.24,-0.521959923298978,0.227038471652642,0.398270219728331,-0.418937787417231
-0.23,-0.517668791953588,0.222675690970136,0.461415642716842,-0.453987884918981
-0.22,-0.51270059367318,0.217951284750781,0.533866097143585,-0.491266743465213
-0.21,-0.506956697719289,0.212842894852498,0.616748238998741,-0.530783976511688
-0.2,-0.500326930298093,0.207328211484583,0.711239959387669,-0.572519330347488
-0.19,-0.492689204718008,0.201385301834686,0.818539823834826,-0.616416607441881
-0.18,-0.483909523879921,0.194993001824994,0.939822670724665,-0.662377137761524
-0.17,-0.473842508343029,0.188131374781346,1.0761784057602,-0.710252957514086
-0.16,-0.46233263200214,0.180782238812924,1.22853126956863,-0.759839935803239
-0.15,-0.449216371250999,0.172929761824596,1.39753764357406,-0.810871186297759
-0.14,-0.434325485749389,0.164561119176118,1.58346203196039,-0.863011210047498
-0.13,-0.417491640504354,0.15566720396951,1.78603345257815,-0.91585133003812
-0.12,-0.398552538750983,0.146243373788876,2.00428825724897,-0.968907085972761
-0.11,-0.377359650974932,0.13629021058569,2.23641037725257,-1.02161834121696
-0.1,-0.353787486760628,0.125814262655974,2.47958583084707,-1.07335288903002
-0.09,-0.327744157809364,0.114828729914943,2.72989424902935,-1.12341430388707
-0.08,-0.299182727915138,0.103354046850928,2.98226482668273,-1.17105463693526
-0.07,-0.268112560502333,0.0914183128121553,3.23052563634907,-1.21549227920808
-0.06,-0.234609598022465,0.0790575179935817,3.46757159572291,-1.25593490343642
-0.05,-0.198824300746298,0.0663155169668148,3.68566590756982,-1.29160686064841
-0.04,-0.160985906958527,0.0532437108445851,3.8768720931792,-1.32177979866892
-0.03,-0.121401818155825,0.0399004145582476,4.03359049685532,-1.34580466724609
-0.02,-0.0804512983969169,0.0263499066665013,4.14914848788246,-1.3631427857719
-0.01,-0.0385732912627677,0.0126611838974525,4.21837361953195,-1.37339338790484
0,0.00375107880500142,-0.00109353150755076,4.23807019456524,-1.37631511482433
0.01,0.0460199787067524,-0.0148404600806898,4.2073265930631,-1.37183934624052
0.02,0.0877343469011549,-0.0285060198561954,4.12760386202839,-1.36007400480698
0.03,0.128421089010574,-0.0420185694338315,4.00259104996985,-1.34129744047406
0.04,0.16765374479741,-0.055310042538567,3.83785130696881,-1.31594303800826
0.05,0.205068794516973,-0.0683173884711369,3.64031537407452,-1.28457611868452
0.06,0.240376448425981,-0.0809837521752948,3.41769828530435,-1.247865378272
0.07,0.273365548813644,-0.0932593520139009,3.17791777370935,-1.20655143105669
0.08,0.303902948786768,-0.105102039191154,2.92858072809436,-1.16141500225911
0.09,0.331928292283271,-0.116477546764109,2.67658235480134,-1.11324698496923
0.1,0.357445442628316,-0.127359455840086,2.42783800516459,-1.06282205254343
0.11,0.380511892202004,-0.137728920437835,2.1871456001602,-1.01087690697481
0.12,0.401227379690743,-0.147574200272751,1.95816071292279,-0.958093649356914
0.13,0.419722712835631,-0.156890052961985,1.7434577382368,-0.905088252842689
0.14,0.436149513219459,-0.165677034942781,1.54464839274473,-0.8524037402813
0.15,0.45067132134141,-0.173940755097416,1.36253124251794,-0.800507426661181
0.16,0.463456261149231,-0.181691117991144,1.19725101611522,-0.749791467582805
0.17,0.474671280380725,-0.188941585867823,1.04845240481558,-0.700575934129804
0.18,0.484477858877272,-0.195708480947227,0.915418683034775,-0.653113682722836
0.19,0.493029004656373,-0.20201034268007,0.797190145739969,-0.607596378653072
0.2,0.500467325852253,-0.207867348744137,0.692660826499714,-0.564161141738016
0.21,0.506923963752779,-0.213300803817479,0.600654277182746,-0.522897395617571
0.22,0.51251818746825,-0.218332696518099,0.519980549568161,-0.483853607980107
0.23,0.517357475867047,-0.222985322247703,0.449477158824982,-0.447043701529185
0.24,0.521537941272552,-0.22728096787277,0.388036956422539,-0.412452992304525
0.25,0.525144978094832,-0.231241653059958,0.334625683820379,-0.380043572929044
0.26,0.528254045776121,-0.23488892250198,0.288291659366723,-0.349759104742275
0.27,0.53093151805378,-0.238243683088218,0.248169666397404,-0.321529016579896
0.28,0.533235549265976,-0.241326080176794,0.213480722000136,-0.295272131382463
0.29,0.535216923395643,-0.244155407418633,0.183529048160729,-0.270899757014775
0.3,0.53691986317027,-0.24675004499687,0.157697256645089,-0.248318286581055
0.31,0.538382785314568,-0.249127421622328,0.135440500936448,-0.227431357769448
0.32,0.539638994508112,-0.251303996128029,0.116280140961943,-0.208141621688956
0.33,0.540717313209883,-0.253295255005165,0.0997973038103225,-0.190352170326052
0.34,0.541642647693362,-0.255115722701184,0.085626599371762,-0.173967668953416
0.35,0.54243649273718,-0.256778981946196,0.0734501568916107,-0.158895236169474
0.36,0.543117378717939,-0.258297701780519,0.0629920804348014,-0.145045110169054
0.37,0.543701265574841,-0.259683671321171,0.0540133726675856,-0.132331135646703
0.38,0.544201888430184,-0.260947837628439,0.0463073425682938,-0.120671101620252
0.39,0.54463105968451,-0.26210034631681,0.0396954899600696,-0.109986956564204
0.4,0.544998932255493,-0.263150583800155,0.0340238451841244,-0.100204923637684
0.41,0.54531422836529,-0.264107220272256,0.0291597335371936,-0.0912555355186992
0.42,0.545584437951805,-0.264978252703955,0.0249889295607178,-0.0830736054275451
0.43,0.545815990419904,-0.265771047290792,0.0214131646043021,-0.0755981483319962
0.44,0.546014403082874,-0.266492380913335,0.0183479513429141,-0.0687722640583638
0.45,0.546184409287879,-0.267148481279551,0.0157206904163697,-0.0625429920621181
0.46,0.546330068881531,-0.267745065507402,0.0134690265885897,-0.0568611459132436
0.47,0.546454863358602,-0.268287376978922,0.0115394244462236,-0.051681134096383
0.48,0.546561777750891,-0.268780220356687,0.00988593643437123,-0.0469607724868204
0.49,0.546653371055223,-0.269227994701783,0.00846913880276674,-0.0426610928145252
0.5,0.546731836768732,-0.269634724670986,0.00725521370702921,-0.0387461505449215
0.51,0.546799054894713,-0.270004089801314,0.00621515821592241,-0.0351828348652105
0.52,0.54685663660158,-0.270339451913835,0.00532410328350519,-0.031940682848712
0.53,0.546905962558683,-0.270643880686711,0.00456072784110754,-0.0289916993589191
0.54,0.546948215833898,-0.270920177460898,0.00390675504761158,-0.0263101838345783
0.55,0.546984410116837,-0.271170897351545,0.00334651941472565,-0.0238725647531162
0.56,0.547015413926284,-0.27139836974469,0.00286659500930775,-0.0216572422904533
0.57,0.547041971369151,-0.27160471726283,0.00245547624233539,-0.0196444394703542
0.58,0.547064719939213,-0.271791873284986,0.00210330390004872,-0.0178160619171711
0.59,0.547084205775538,-0.271961598107242,0.00180163007343532,-0.0161555661845973
0.6,0.54710089674157,-0.272115493828916,0.00154321651336691,-0.0146478365233992
0.61,0.547115193634945,-0.272255018047728,0.00132186169519934,-0.0132790698675924
0.62,0.547127439794325,-0.272381496444751,0.00113225253221516,-0.0120366687565141
0.63,0.54713792933184,-0.272496134336926,0.000969837244388286,-0.0109091418658111
0.64,0.547146914187287,-0.27260002727145,0.000830716378794192,-0.00988601179021764
0.65,0.547154610172374,-0.272694170732689,0.000711549400571415,-0.00895772970237249
0.66,0.547161202149349,-0.272779469028458,0.000609474637509395,-0.00811559650251555
0.67,0.547166848467792,-0.272856743418637,0.000522040674886444,-0.00735169007177772
0.68,0.547171684765695,-0.272926739545241,0.000447147566940655,-0.00665879824534485
0.69,0.547175827225812,-0.272990134219246,0.000382996463290596,-0.0060303571297118
0.7,0.547179375365255,-0.273047541615787,0.000328046447923474,-0.00546039439946153
0.71,0.547182414425194,-0.273099518925747,0.000280977559548186,-0.00494347722261608
0.72,0.547185017417906,-0.273146571508349,0.00024065910907856,-0.00447466447888926
0.73,0.5471872468803,-0.273189157586046,0.000206122536146573,-0.00404946295153535
0.74,0.547189156375934,-0.273227692519934,0.000176538154767659,-0.00366378719046689
0.75,0.547190791781588,-0.273262552700962,0.000151195231113356,-0.00331392276153472
0.76,0.547192192389251,-0.273294079089436,0.000129484915956185,-0.00299649261402429
0.77,0.54719339184998,-0.273322580432739,0.000110885622611603,-0.00270842631530412
0.78,0.547194418982272,-0.273348336188747,9.49504997175424e-05,-0.00244693191798424
0.79,0.547195298464379,-0.273371599180166,8.129669834691e-05,-0.00220947024077783
0.8,0.547196051427169,-0.273392598002882,6.95961759316282e-05,-0.00199373135941484
0.81,0.547196695961774,-0.273411539209488,5.95678163053497e-05,-0.00179761311836419
0.82,0.547197247554228,-0.273428609287284,5.09706767251623e-05,-0.00161920148775098
0.83,0.547197719457517,-0.273443976448395,4.35981997582307e-05,-0.00145675260265049
0.84,0.547198123009984,-0.273457792248059,3.72732510668232e-05,-0.00130867633401635
0.85,0.547198467907744,-0.273470193045695,3.18438639354365e-05,-0.00117352125140822
0.86,0.547198762437635,-0.273481301322021,2.71795883634981e-05,-0.00104996084912086
0.87,0.547199013676325,-0.273491226864232,2.31683569892986e-05,-0.000936780913015454
0.88,0.547199227660332,-0.273500067830121,1.97137927754676e-05,-0.000832867928797247
0.89,0.547199409531062,-0.273507911700946,1.67328930290239e-05,-0.000737198386147029
0.9,0.547199563658338,-0.273514836131845,1.41540369634889e-05,-0.000648829043765694
0.91,0.547199693745393,-0.273520909707713,1.19152583525737e-05,-0.000566887468655724
0.92,0.547199802917844,-0.273526192611572,9.96278129945457e-06,-0.000490564999740588
0.93,0.547199893798793,-0.273530737211695,8.24963646136244e-06,-0.000419103727165079
0.94,0.54719996857185,-0.273534588572966,6.73487491097939e-06,-0.000351808509783828
0.95,0.547200029033602,-0.273537784897306,5.38130653219121e-06,-0.000287967916811255
0.96,0.547200076636771,-0.273540357897291,4.15937505573916e-06,-0.000227117120549468
0.97,0.547200112525128,-0.273542333106511,3.02865128959448e-06,-0.000168026362590003
0.98,0.54720013756097,-0.27354373012957,2.0032796492779e-06,-0.000112447112616191
0.99,0.547200152345838,-0.273544562834131,9.04442959419836e-07,-5.1103473108598e-05
1,0.54720015723497,-0.273544839486798,2.81148287571937e-07,-1.5946163485819e-05
