-1,-0.582459343972557,0.145572294058432,1.78095320679551e-06,-1.22807987275479e-05
-0.99,-0.582459313066423,0.14557208100655,5.70993374097413e-06,-3.93539672803486e-05
-0.98,-0.582459219992461,0.145571439794369,1.25733406708995e-05,-8.65825509611574e-05
-0.97,-0.582459063678906,0.145570364232585,1.88129586635604e-05,-0.000129348018114999
-0.96,-0.582458842322447,0.145568843939813,2.54758287650349e-05,-0.000174781743464259
-0.95,-0.582458553362325,0.145566864243128,3.23787005662235e-05,-0.000221521845363282
-0.94,-0.582458193443383,0.145564406037519,3.96730881342242e-05,-0.000270501563300062
-0.93,-0.582457758367353,0.145561445602944,4.74274387135343e-05,-0.000322063956485304
-0.92,-0.582457243031429,0.14555795437727,5.57407434778655e-05,-0.00037674068539699
-0.91,-0.58245664135294,0.145553898682985,6.47139110363131e-05,-0.000435049289555951
-0.9,-0.582455946178627,0.145549239405132,7.44594529369812e-05,-0.000497553797809649
-0.89,-0.582455149176713,0.145543931617462,8.51011455031748e-05,-0.000564855176223494
-0.88,-0.582454240709618,0.145537924153341,9.67766676676943e-05,-0.000637601034573174
-0.87,-0.582453209684702,0.145531159117426,0.000109639787017232,-0.000716490696346872
-0.86,-0.582452043379977,0.145523571333593,0.000123863076604902,-0.000802282104494084
-0.85,-0.582450727241145,0.145515087724034,0.000139640973631925,-0.000895798903166999
-0.84,-0.582449244645682,0.145505626613802,0.000157193317300788,-0.000997938220146021
-0.83,-0.582447576628902,0.145495096954437,0.000176769430165311,-0.00110967909534555
-0.82,-0.582445701566075,0.145483397459588,0.000198652844218242,-0.0012320916627107
-0.81,-0.5824435948036,0.145470415644761,0.000223166783563486,-0.00136634715674433
-0.8,-0.582441228231025,0.145456026762514,0.000250680536516079,-0.00151372883243546
-0.79,-0.582438569784257,0.145440092623501,0.000281616873141281,-0.00167564389133798
-0.78,-0.582435582868622,0.145422460292805,0.000316460691842641,-0.00185363651479455
-0.77,-0.582432225688419,0.145402960649956,0.000355769110952256,-0.00204940211304391
-0.76,-0.582428450467303,0.14538140679989,0.000400183259867432,-0.00226480290758607
-0.75,-0.582424202541019,0.145357592320901,0.000450442069658608,-0.0025018849732309
-0.74,-0.582419419300786,0.145331289334302,0.000507398416781738,-0.00276289687585494
-0.73,-0.582414028961773,0.145302246379139,0.000572038036983376,-0.00305031005195437
-0.72,-0.582407949126565,0.145270186073735,0.000645501701456795,-0.0033668410865595
-0.71,-0.582401085108177,0.145234802544288,0.000729111235968391,-0.00371547605689195
-0.7,-0.582393327970853,0.145195758598954,0.000824400068234843,-0.00409949712015309
-0.69,-0.582384552239438,0.145152682624047,0.000933149112686521,-0.00452251153494036
-0.68,-0.582374613219297,0.145105165177032,0.00105742894792541,-0.0049884833167426
-0.67,-0.582363343858376,0.145052755248912,0.00119964941446373,-0.00550176773847973
-0.66,-0.582350551070729,0.144994956166473,0.00136261796447639,-0.00606714889692511
-0.65,-0.582336011426348,0.144931221102577,0.00154960833588295,-0.00668988057453495
-0.64,-0.582319466095013,0.144860948160379,0.00176444140689381,-0.00737573063322739
-0.63,-0.582300614911729,0.144783474994947,0.00201158042228214,-0.00813102918140718
-0.62,-0.582279109407434,0.144698072933325,0.00229624317755585,-0.00896272075716638
-0.61,-0.582254544620578,0.144603940551686,0.00262453421260609,-0.00987842076816212
-0.6,-0.58222644947196,0.144500196665823,0.00300360061436081,-0.010886476420975
-0.59,-0.582194275446103,0.144385872688985,0.00344181567253097,-0.0119960323583287
-0.58,-0.582157383276312,0.144259904308976,0.00394899538999774,-0.0132171011996513
-0.57,-0.582115027276201,0.144121122434639,0.00453665373808,-0.0145606391469114
-0.56,-0.582066336896542,0.143968243360449,0.0052183035884946,-0.0160386267709617
-0.55,-0.582010295010988,0.143799858097101,0.00600981147176952,-0.0176641550306279
-0.54,-0.581945712345848,0.143614420815825,0.00692981573263042,-0.0194515164937698
-0.53,-0.581871197365291,0.143410236355008,0.00800021930683427,-0.0214163016222461
-0.52,-0.581785120801776,0.14318544673973,0.00924677026173577,-0.0235754998457609
-0.51,-0.581685573879252,0.142938016668401,0.0106997454580504,-0.0259476049768242
-0.5,-0.581570319110674,0.142665717926209,0.0123947552366947,-0.0285527243032604
-0.49,-0.581436732358092,0.14236611269301,0.0143736899432644,-0.0314126904272467
-0.48,-0.581281734619308,0.142036535724198,0.0166858324000095,-0.0345511745908173
-0.47,-0.581101711745826,0.141674075397623,0.0193891641365174,-0.0379937998255483
-0.46,-0.580892419998511,0.141275553638637,0.0225518972929696,-0.0417682517754603
-0.45,-0.580648875006192,0.140837504759692,0.0262542685816354,-0.0459043844518834
-0.44,-0.580365221304927,0.140356153281793,0.0305906364556938,-0.0504343174700305
-0.43,-0.580034579199697,0.139827390843685,0.0356719275442324,-0.0553925204703697
-0.42,-0.579648865205405,0.139246752352545,0.0416284832239506,-0.0608158794228915
-0.41,-0.579198581793146,0.138609391588721,0.048613361525091,-0.0667437383270737
-0.4,-0.578672571598244,0.137910056548667,0.056806152824139,-0.0732179084323017
-0.39,-0.578057730653433,0.137143064896897,0.0664173690923504,-0.0802826354909797
-0.38,-0.577338674618938,0.136302280001677,0.0776934645981393,-0.0879845137007389
-0.37,-0.576497351431358,0.135381088152985,0.0909225391374243,-0.0963723328796948
-0.36,-0.575512593346315,0.134372377707457,0.106440760638942,-0.105496843046684
-0.35,-0.574359601095645,0.13326852107623,0.124639519020752,-0.115410417960084
-0.34,-0.573009352947277,0.132061360670025,0.145973282989684,-0.126166596342314
-0.33,-0.571427932024978,0.130742200143275,0.170968070220768,-0.137819476557193
-0.32,-0.569575766562555,0.129301802536319,0.200230351543607,-0.150422937540839
-0.31,-0.567406780163239,0.12773039720083,0.23445608212655,-0.164029656012989
-0.3,-0.564867453041802,0.126017697705308,0.274439376176328,-0.178689887710549
-0.29,-0.561895801193609,0.124152933247934,0.321080104057011,-0.194449979013352
-0.28,-0.558420289135332,0.122124896441228,0.375389379536405,-0.211350575459887
-0.27,-0.554358704086875,0.119922010658215,0.438491509817534,-0.229424496062941
-0.26,-0.549617036079113,0.117532420415367,0.511620498059304,-0.2486942480469
-0.25,-0.544088430326926,0.114944108474371,0.596108625929974,-0.269169166902786
-0.24,-0.537652305961504,0.112145043419867,0.693364033503489,-0.29084218299172
-0.23,-0.530173769052712,0.109123361344851,0.804833622320364,-0.313686239986137
-0.22,-0.521503487040703,0.105867584863768,0.931947153455398,-0.337650423893503
-0.21,-0.511478233987233,0.102366881874141,1.07603828350164,-0.362655905653037
-0.2,-0.499922356930801,0.0986113651887948,1.23823874550872,-0.388591855986323
-0.19,-0.486650445489507,0.0945924322502484,1.4193432837814,-0.41531155756934
-0.18,-0.471471498404139,0.0903031415223501,1.61964567736415,-0.442629013669746
-0.17,-0.454194856913957,0.0857386187829811,1.83875057942677,-0.47031642793184
-0.16,-0.434638098070812,0.0808964824487294,2.07537210492672,-0.498102996689081
-0.15,-0.412636934087882,0.0757772724064161,2.32713784868904,-0.525675498281344
-0.14,-0.388056935135578,0.0703848619334668,2.5904253808876,-0.552681164764332
-0.13,-0.360806584597374,0.0647268276822102,2.86026547491292,-0.578733259923113
-0.12,-0.330850811542203,0.0588147490984434,3.130349797473,-0.603419646050234
-0.11,-0.298223777112611,0.0526644068963477,3.39317758062382,-0.62631439163469
-0.1,-0.263039399529731,0.0462958511909089,3.64036348377347,-0.646992159671355
-0.09,-0.225497982640631,0.0397333142962838,3.86310682587628,-0.665044749699055
-0.08,-0.18588745359569,0.0330049513413177,4.05279299293361,-0.680098796409796
-0.07,-0.144578163751874,0.0261424034411998,4.20166686901658,-0.691833321186982
-0.06,-0.102010939398461,0.0191801921999245,4.30349379016889,-0.699995661260213
-0.05,-0.0586789771557485,0.012154969153264,4.35411394914545,-0.704414320152895
-0.04,-0.0151050862092375,0.0051046573442694,4.35180637001625,-0.705007514824752
-0.03,0.0281835138185164,-0.00193246749974677,4.29740786306899,-0.70178661645133
-0.02,0.0706802867232375,-0.00891870334718777,4.19417405745029,-0.694854226807078
-0.01,0.111921904321891,-0.0158178032661226,4.04741305814237,-0.684397206233093
0,0.151506229947556,-0.0225957650984249,3.86395667727584,-0.670675473631685
0.01,0.189104544302254,-0.0292214927879675,3.65155222686308,-0.654007755793655
0.02,0.224467640802354,-0.0356673055271564,3.4182576717111,-0.634755631813141
0.03,0.257426180062361,-0.0419092843953426,3.17190781432464,-0.613307199166301
0.04,0.287886255565635,-0.0479274586762462,2.91969549997469,-0.590061516248596
0.05,0.315821434364445,-0.0537058442975256,2.66788647640178,-0.565414706494221
0.06,0.341262609858278,-0.0592323541509665,2.42166488221099,-0.539748300190627
0.07,0.364286891988684,-0.0644986042939888,2.1850912820259,-0.513420091682235
0.08,0.385006534143454,-0.0694996414950659,1.96114727523848,-0.486757536310244
0.09,0.403558622939843,-0.0742336168198405,1.75183890236796,-0.460053520832283
0.1,0.420095988796687,-0.0787014276158073,1.55833351125934,-0.433564216583038
0.11,0.434779564464099,-0.0829063469761266,1.38110950987158,-0.407508659721406
0.12,0.447772240501231,-0.0868536560861424,1.22010396061752,-0.382069685631874
0.13,0.459234142997143,-0.0905502911880619,1.07484820757149,-0.357395861331678
0.14,0.469319183468913,-0.0940045135155885,0.944586099401344,-0.333604097875246
0.15,0.478172693931015,-0.0972256076100477,0.828372674984755,-0.310782673763075
0.16,0.485929950970088,-0.100223611000199,0.725153451011945,-0.288994452455563
0.17,0.492715401700163,-0.103009076312092,0.633825851711894,-0.268280127027929
0.18,0.49864242400849,-0.105592865434382,0.553285053661037,-0.248661369687586
0.19,0.503813477857225,-0.107985974337487,0.48245678076228,-0.230143801840306
0.2,0.508320529739451,-0.11019938646218,0.42031954257818,-0.212719731290555
0.21,0.512245656332092,-0.112243952185347,0.365918591385185,-0.196370627355377
0.22,0.515661754669108,-0.114130291674253,0.318373570778118,-0.181069322910028
0.23,0.518633304252642,-0.115868718400606,0.276881501667464,-0.166781945582243
0.24,0.521217141382854,-0.117469180656404,0.240716436676028,-0.153469589406313
0.25,0.523463217850459,-0.118941218558329,0.209226830973331,-0.141089744109514
0.26,0.525415325367801,-0.12029393421787,0.181831434914739,-0.129597502595332
0.27,0.527111774128809,-0.121535972969138,0.158014312872751,-0.118946568751759
0.28,0.528586019091638,-0.122675513769773,0.137319430745355,-0.109090087968659
0.29,0.529867231338999,-0.123720267111578,0.119345127202959,-0.0999813221055054
0.3,0.530980814508497,-0.124677478989159,0.103738685500596,-0.0915741894249392
0.31,0.531948868064368,-0.125553939672375,0.0901911484053867,-0.0838236884340992
0.32,0.53279060031792,-0.12635599620912,0.0784324637045409,-0.0766862228270608
0.33,0.53352269476758,-0.127089567747916,0.0682270077399287,-0.0701198429198916
0.34,0.534159633653522,-0.127760162914804,0.0593695060163983,-0.0640844171986139
0.35,0.534713982708095,-0.128372898606678,0.0516813503489502,-0.0585417459141547
0.36,0.535196641008292,-0.128932519674623,0.045007299018687,-0.0534556270902581
0.37,0.535617059657021,-0.129443419067189,0.0392125382541471,-0.0487918838779992
0.38,0.535983432777403,-0.129909658086298,0.0341800786981828,-0.0445183609004397
0.39,0.536302864028313,-0.130334986479062,0.0298084583406026,-0.0406048960824056
0.4,0.536581511560691,-0.130722862148557,0.0260097229259136,-0.0370232734475898
0.41,0.536824714046849,-0.131076470316903,0.0227076555166191,-0.0337471614793774
0.42,0.537037100138304,-0.131398742016016,0.0198362282914283,-0.0307520408726929
0.43,0.53722268344741,-0.131692371816272,0.0173382514860334,-0.0280151248406227
0.44,0.537384944907193,-0.131959834732035,0.0151641964310757,-0.0255152745704512
0.45,0.537526904143983,-0.132203402266475,0.0132711717616137,-0.0232329119383083
0.46,0.537651181298676,-0.132425157577047,0.0116220339675141,-0.0211499311797391
0.47,0.537760050554292,-0.132627009758218,0.0101846154609555,-0.0192496108657573
0.48,0.537855486468774,-0.132810707249996,0.00893105521793609,-0.0175165272419835
0.49,0.53793920407135,-0.132977850390145,0.00783721878479876,-0.0159364697445378
0.5,0.538012693556697,-0.133129903135075,0.00688219601970561,-0.0144963593036423
0.51,0.538077250302107,-0.133268203979605,0.0060478663633023,-0.0131841698786316
0.52,0.538134000837297,-0.133393976109572,0.00531852270730259,-0.0119888535307941
0.53,0.538183925312959,-0.133508336823706,0.00468054606316217,-0.0109002692286509
0.54,0.538227876941284,-0.13361230626269,0.0041221242360761,-0.00990911549006842
0.55,0.538266598818295,-0.133706815483981,0.00363300859329654,-0.00900686689345609
0.56,0.538300738482621,-0.133792713921014,0.00320430379181227,-0.00818571443333944
0.57,0.53833086051753,-0.133870776264908,0.00282828600986745,-0.0074385096512792
0.58,0.538357457461459,-0.13394170880594,0.00249824582020554,-0.00675871243932931
0.59,0.538380959256366,-0.134006155270896,0.00220835236012984,-0.00614034238802144
0.6,0.538401741432007,-0.134064702191021,0.00195353590346909,-0.00557793353293299
0.61,0.53842013219738,-0.134117883833768,0.00172938633048585,-0.00506649234165408
0.62,0.538436418587195,-0.134166186729938,0.00153206533098658,-0.00460145877543478
0.63,0.538450851791128,-0.1342100538261,0.00135823046991662,-0.00417867025616298
0.64,0.538463651776228,-0.1342498882905,0.00120496949934546,-0.00379432836854305
0.65,0.538475011297756,-0.134286056998964,0.00106974352107687,-0.00344496812902691
0.66,0.538485099380822,-0.134318893725637,0.000950337794652353,-0.00312742965650507
0.67,0.538494064343923,-0.134348702061763,0.000844819150194613,-0.00283883208461185
0.68,0.538502036425833,-0.134375758084158,0.000751499107803779,-0.0025765495613529
0.69,0.538509130068954,-0.134400312793491,0.000668901928078263,-0.00233818918832848
0.7,0.538515445904982,-0.13442259434107,0.000595736924397851,-0.00212157075886806
0.71,0.53852107248257,-0.134442810061442,0.000530874459151387,-0.00192470816168366
0.72,0.538526087771269,-0.134461148326835,0.00047332512508951,-0.00174579232409396
0.73,0.538530560471372,-0.134477780238224,0.000422221681140188,-0.00158317557629296
0.74,0.538534551155337,-0.134492861166684,0.000376803370824936,-0.00143535732540832
0.75,0.538538113262928,-0.134506532157601,0.000336402302136216,-0.00130097093526782
0.76,0.538541293969306,-0.134518921209288,0.000300431611487803,-0.00117877171468309
0.77,0.538544134942662,-0.13453014443666,0.000268375172089029,-0.00106762592366105
0.78,0.538546673005771,-0.134540307129697,0.000239778639644601,-0.00096650071328525
0.79,0.538548940713952,-0.134549504715652,0.000214241656358623,-0.000874454920994506
0.8,0.538550966860183,-0.134557823633183,0.000191411058439912,-0.000790630648645514
0.81,0.538552776916763,-0.134565342125891,0.000170974953194358,-0.000714245556064402
0.82,0.538554393421587,-0.134572130962119,0.000152657549809788,-0.000644585807776188
0.83,0.538555836316082,-0.134578254087233,0.000136214643478759,-0.000580999615241732
0.84,0.538557123240885,-0.134583769214086,0.000121429665915909,-0.000522891321285654
0.85,0.538558269794529,-0.134588728356825,0.000108110226862761,-0.000469715977292421
0.86,0.538559289759734,-0.134593178312747,9.60850812322403e-05,-0.000420974367876082
0.87,0.538560195301251,-0.134597161096453,8.52014647949679e-05,-0.000376208439551181
0.88,0.538560997138702,-0.134600714330164,7.53227499911215e-05,-0.000334997098990226
0.89,0.538561704697384,-0.134603871593662,6.63263750557075e-05,-0.000296952327193441
0.9,0.538562326239612,-0.134606662736993,5.81020229295756e-05,-0.000261715641066065
0.91,0.538562868978822,-0.134609114158727,5.05499647053497e-05,-0.000228954628141311
0.92,0.538563339178333,-0.134611249052279,4.35797343307309e-05,-0.000198360432252202
0.93,0.538563742236427,-0.134613087622512,3.71083794441239e-05,-0.000169642778274954
0.94,0.538564082759138,-0.134614647274571,3.10609894338843e-05,-0.000142535142230096
0.95,0.538564364621939,-0.13461594277667,2.53633165155171e-05,-0.000116762900307026
0.96,0.538564591021342,-0.13461698639829,1.99644056208238e-05,-9.2150372154152e-05
0.97,0.538564764517225,-0.134617788025058,1.47476468345607e-05,-6.82101273073406e-05
0.98,0.538564887066594,-0.134618355251343,9.85858289391634e-06,-4.56650345517463e-05
0.99,0.538564960049286,-0.134618693451418,4.47763981992838e-06,-2.07576425605176e-05
1,0.538564984286051,-0.134618805829825,1.39669482985127e-06,-6.47793978956566e-06
