-1,-0.619994964263695,0.154892846913708,3.53447665247483e-06,-3.05690086438083e-05
-0.99,-0.619994902916805,0.154892316584626,1.13351137682721e-05,-9.79607072162216e-05
-0.98,-0.619994718106157,0.154890720439181,2.49723298332211e-05,-0.000215530520436703
-0.97,-0.619994407508396,0.15488804295304,3.7398089614558e-05,-0.00032200668695353
-0.96,-0.619993967206149,0.154884258086066,5.07053138750826e-05,-0.00043514866623265
-0.95,-0.619993391619182,0.154879329031327,6.45474191257933e-05,-0.000551575161839036
-0.94,-0.619992673405598,0.154873207860421,7.92451750010102e-05,-0.000673618380010486
-0.93,-0.619991803330609,0.154865835061834,9.49584526620487e-05,-0.000802142165997075
-0.92,-0.619990770099514,0.154857138968029,0.000111912839657548,-0.000938480673538339
-0.91,-0.619989560150619,0.154847035065941,0.000130344185703481,-0.00108393390790175
-0.9,-0.619988157402729,0.154835425184502,0.000150519453041148,-0.00123991875281441
-0.89,-0.61998654295059,0.154822196551694,0.000172738010914351,-0.00140794535493631
-0.88,-0.619984694700229,0.15480722071243,0.000197339253270007,-0.00158964144903999
-0.87,-0.6199825869344,0.15479035229738,0.000224709833001245,-0.00178676514315452
-0.86,-0.619980189796348,0.154771427631453,0.000255292578947523,-0.00200122227150423
-0.85,-0.619977468677699,0.154750263169349,0.000289596861497442,-0.0022350841799774
-0.84,-0.619974383493432,0.154726653743999,0.000328210849824392,-0.00249060724479808
-0.83,-0.619970887823511,0.154700370612214,0.000371815995532734,-0.00277025398128542
-0.82,-0.619966927896677,0.154671159280099,0.000421204194751464,-0.00307671600016091
-0.81,-0.619962441387078,0.154638737089021,0.00047729815541396,-0.00341293897606801
-0.8,-0.619957355988609,0.154602790540974,0.000541175603801719,-0.00378214983303206
-0.79,-0.619951587724879,0.154562972340138,0.000614098088991789,-0.00418788635666192
-0.78,-0.619945038944428,0.15451889812525,0.000697545294500543,-0.00463402945763156
-0.77,-0.619937595940833,0.154470142865104,0.000793255946901877,-0.00512483832311252
-0.76,-0.619929126125394,0.154416236887065,0.000903276628081123,-0.00566498870530656
-0.75,-0.619919474665776,0.15435666150593,0.00103002005789649,-0.00625961460770521
-0.74,-0.619908460486775,0.154290844217812,0.00117633472607092,-0.00691435363990316
-0.73,-0.619895871508814,0.154218153420973,0.00134558812629133,-0.00763539631995983
-0.72,-0.619881458975025,0.154137892622717,0.00154176629390989,-0.00842953960859446
-0.71,-0.619864930688188,0.154049294088589,0.0017695928858041,-0.00930424496084457
-0.7,-0.619845942943288,0.153951511887288,0.0020346716838528,-0.0102677011768444
-0.69,-0.619824090898876,0.153843614281953,0.00234365717259519,-0.0113288923224958
-0.68,-0.619798897079505,0.153724575415829,0.00270445876056904,-0.0124976709709023
-0.67,-0.619769797640455,0.153593266237986,0.00312648531135651,-0.0137848369839901
-0.66,-0.61973612595296,0.15344844461278,0.00362093795752105,-0.0152022220077841
-0.65,-0.619697092980898,0.153288744555301,0.00420116072548598,-0.0167627797904763
-0.64,-0.619651763815611,0.153112664534397,0.00488306034519928,-0.0184806823451913
-0.63,-0.619599029611197,0.152918554785184,0.00568560880410251,-0.020371421863752
-0.62,-0.619537574014458,0.152704603574606,0.00663144478451043,-0.0224519181370639
-0.61,-0.619465833007536,0.152468822366997,0.00774759315620369,-0.0247406310440114
-0.6,-0.61938194687228,0.152209029842148,0.0090663252439802,-0.0272576774244162
-0.59,-0.619283702738045,0.151922834726721,0.010626186715304,-0.0300249513412719
-0.58,-0.619168465882953,0.151607617411684,0.0124732246930142,-0.0330662463496972
-0.57,-0.619033097615969,0.151260510344557,0.0146624511353445,-0.036407377908949
-0.56,-0.618873857166649,0.150878377206795,0.0172595856566511,-0.0400763034811024
-0.55,-0.618686284544242,0.150457790914665,0.0203431277560452,-0.044103237134233
-0.54,-0.618465060791815,0.149995010518119,0.0240068157695306,-0.0485207545848483
-0.53,-0.618203841449674,0.14948595711793,0.0283625375362564,-0.0533638835470101
-0.52,-0.617895058354236,0.148926188978962,0.0335437653589867,-0.0586701729740528
-0.51,-0.617529684137568,0.148310876088947,0.0397095946597895,-0.0644797332515735
-0.5,-0.617096952971887,0.147634774500376,0.0470494707065787,-0.0708352375955938
-0.49,-0.616584030248367,0.146892200900842,0.0557886892739142,-0.0777818727975167
-0.48,-0.615975623036961,0.146077007987711,0.0661947526756604,-0.0853672250139061
-0.47,-0.615253522419232,0.145182561379624,0.0785846487639908,-0.0936410835122632
-0.46,-0.614396068236902,0.144201718983625,0.0933330922859815,-0.102655142162655
-0.45,-0.613377526630818,0.143126813955576,0.110881718616461,-0.112462575051519
-0.44,-0.612167371213701,0.141949642645791,0.131749140208355,-0.1231174589814
-0.43,-0.610729460185168,0.140661459212395,0.156541654245149,-0.134674011977166
-0.42,-0.609021104652652,0.139252978911091,0.185964211125893,-0.147185613520149
-0.41,-0.606992028522367,0.13771439242721,0.220831000091444,-0.160703569497873
-0.4,-0.60458322840882,0.136035393994707,0.262074661657988,-0.175275583403311
-0.39,-0.601725754102274,0.134205226430157,0.31075267930459,-0.190943896004766
-0.38,-0.598339447395498,0.132212746570995,0.368048925120164,-0.207743059691411
-0.37,-0.594331700693246,0.130046514906042,0.435267642923225,-0.225697322463985
-0.36,-0.589596327783733,0.127694913366212,0.513816386716493,-0.244817611887481
-0.35,-0.584012677781569,0.125146295228377,0.605173683713683,-0.265098133285848
-0.34,-0.577445168617717,0.122389170779169,0.710836628233516,-0.286512631081982
-0.33,-0.569743465444793,0.119412431672618,0.832243504385074,-0.309010409113901
-0.32,-0.560743575598912,0.116205615668798,0.970667259867871,-0.332512265573657
-0.31,-0.550270164725046,0.112759211536217,1.1270776720677,-0.356906569511645
-0.3,-0.538140403046172,0.109065001243086,1.3019738176833,-0.382045784093393
-0.29,-0.524169607402809,0.105116433122544,1.49519425387009,-0.407743818216699
-0.28,-0.508178833699532,0.100909015556502,1.70571997082817,-0.433774649014969
-0.27,-0.49000438107142,0.0964407161248866,1.93149376223403,-0.459872685020643
-0.26,-0.469508892609753,0.091712346549866,2.16928730716955,-0.485735312893413
-0.25,-0.446593400303945,0.0867279097650717,2.41465123933012,-0.511027971350156
-0.24,-0.421209315661719,0.0814948828404088,2.66198081992011,-0.535391914543125
-0.23,-0.393369090475562,0.0760244091021996,2.90471842950423,-0.558454569338979
-0.22,-0.363154153647491,0.0703313752584986,3.13569406633138,-0.579842082674009
-0.21,-0.330718842800421,0.0644343549616832,3.34757960771283,-0.599193342119907
-0.2,-0.296289419297201,0.0583554087779455,3.53340780790427,-0.616174493012293
-0.19,-0.260157839985385,0.0521197411629457,3.68709000518082,-0.630492825452171
-0.18,-0.222670650388009,0.0457552264520711,3.80386284413008,-0.641908902941337
-0.17,-0.184214016664902,0.0392918265060744,3.88060561444368,-0.650245959843877
-0.16,-0.145196389369581,0.0327609310382616,3.91599300362344,-0.655395881826019
-0.15,-0.106030502402005,0.026194656717516,3.91047664993153,-0.657321449419578
-0.14,-0.0671163391105906,0.0196251424231193,3.86611547434762,-0.656054905038334
-0.13,-0.0288263950283169,0.0130838756931143,3.78629366478451,-0.651693237747581
-0.12,0.00850587408385724,0.00660108015321557,3.67537382484866,-0.644390824942473
-0.11,0.0445940074227838,0.000205186546708776,3.53833177115107,-0.634350206404181
-0.1,0.0792029153045779,-0.00607759800462248,3.3804114567633,-0.621811796792217
-0.09,0.112150022537507,-0.0122236157199489,3.20682693621282,-0.607043286424243
-0.08,0.143303733389199,-0.0182119790272765,3.02252622377188,-0.590329364307016
-0.07,0.172579866766029,-0.0240246923654031,2.83202143725627,-0.571962249983952
-0.06,0.199936712699101,-0.0296466847951896,2.63928182017363,-0.552233366131107
-0.05,0.225369300159404,-0.0350657658799689,2.44768130006164,-0.531426339861373
-0.04,0.248903368866453,-0.0402725185419252,2.25998982978526,-0.509811398444087
-0.03,0.270589426472334,-0.0452601427576831,2.07839727467613,-0.487641129676543
-0.02,0.290497163325521,-0.0500242632956877,1.90455940923076,-0.465147508978496
-0.01,0.308710399871626,-0.0545627134828787,1.73965710818868,-0.442540051968135
0,0.325322661548932,-0.0588753054477107,1.58446162503778,-0.42000492875586
0.01,0.340433414070041,-0.0629635956056178,1.43940065118461,-0.397704869830152
0.02,0.354144947199878,-0.0668306524703303,1.30462146550769,-0.375779698709386
0.03,0.366559865221973,-0.0704808322862933,1.18004883236421,-0.354347339534965
0.04,0.377779124398449,-0.0739195665439862,1.06543636460654,-0.333505165247552
0.05,0.387900549036238,-0.0771531641928326,0.96041085348926,-0.313331571436625
0.06,0.397017755714753,-0.0801886303159569,0.864509616327812,-0.293887680597145
0.07,0.405219417664705,-0.0830335021728136,0.777211269739572,-0.275219100169095
0.08,0.412588806516577,-0.0856957028357043,0.697960545261022,-0.257357674650693
0.09,0.419203555382197,-0.0881834121250322,0.626187864463671,-0.240323186893713
0.1,0.425135594577832,-0.0905049541641004,0.561324415260781,-0.224124976293274
0.11,0.430451218620337,-0.092668700605349,0.502813445935413,-0.208763452028227
0.12,0.435211250035258,-0.0946829884052929,0.450118438225337,-0.194231487951596
0.13,0.439471271782639,-0.0965560509260979,0.40272874985381,-0.180515692390055
0.14,0.443281905627728,-0.0982959611010902,0.360163240100286,-0.167597551227353
0.15,0.446689118536423,-0.0999105854052962,0.321972315880338,-0.155454446460029
0.16,0.449734543187627,-0.101407547408486,0.287738764348325,-0.144060555151417
0.17,0.452455802025489,-0.102794199747441,0.25707767344608,-0.133387635577742
0.18,0.454886826998234,-0.104077603428487,0.229635685049428,-0.123405708537744
0.19,0.457058169326132,-0.105264513454666,0.205089776549146,-0.114083642438774
0.2,0.458997295387305,-0.106361369859485,0.183145725475236,-0.105389651006669
0.21,0.460728866179231,-0.107374293317549,0.16353637747962,-0.0972917123993712
0.22,0.462274998871436,-0.108309084588903,0.146019809845549,-0.0897579182212652
0.23,0.463655509768334,-0.109171227136844,0.130377459869029,-0.0827567605041688
0.24,0.464888138599713,-0.109965892337013,0.116412269161475,-0.0762573641950934
0.25,0.465988754491449,-0.110697946768163,0.103946880419565,-0.0702296721112861
0.26,0.466971544275313,-0.111371961141549,0.0928219118402708,-0.0646445887202969
0.27,0.467849184002568,-0.11199222048647,0.0828943255550417,-0.0594740884995712
0.28,0.468632994654611,-0.112562735264086,0.0740358997288743,-0.054691294042702
0.29,0.469333083113818,-0.113087253130435,0.0661318089044636,-0.050270528518909
0.3,0.469958469483861,-0.113569271113034,0.0590793134283122,-0.0461873465659333
0.31,0.470517201842851,-0.114012048003738,0.0527865560922521,-0.04241854720848
0.32,0.471016459483957,-0.114418616804189,0.0471714622315377,-0.0389421719465925
0.33,0.47146264565376,-0.114791797089559,0.0421607382541091,-0.0357374907512513
0.34,0.471861470744074,-0.115134207181818,0.0376889627871088,-0.0327849783372111
0.35,0.472218026832427,-0.115448276045739,0.0336977641977541,-0.0300662827539286
0.36,0.472536854402946,-0.115736254839802,0.0301350780834873,-0.0275641880422775
0.37,0.472822002015393,-0.116000228070299,0.0269544783581274,-0.0252625724450365
0.38,0.473077079627098,-0.116242124310644,0.0241145757296664,-0.0231463634301965
0.39,0.473305306211743,-0.11646372645947,0.0215784776281715,-0.0212014905853971
0.4,0.473509552261124,-0.116666681520771,0.019313303965423,-0.0194148372664091
0.41,0.473692377701598,-0.116852509897407,0.0172897534665007,-0.0177741917301593
0.42,0.473856065706192,-0.117022614195898,0.0154817156889127,-0.0162681983508415
0.43,0.474002652836417,-0.117178287545865,0.0138659242234495,-0.0148863094038979
0.44,0.474133955904611,-0.117320721441803,0.0124216469429636,-0.0136187378051031
0.45,0.474251595908147,-0.117451013118308,0.0111304095239055,-0.0124564111085636
0.46,0.474357019350761,-0.117570172472589,0.00997574880651881,-0.0113909269966495
0.47,0.474451517233581,-0.117679128550075,0.00894299288003335,-0.0104145104349407
0.48,0.474536241968776,-0.117778735610427,0.0080190650777485,-0.00951997261489779
0.49,0.474612222442027,-0.117869778792273,0.00719230934303641,-0.00870067176489731
0.5,0.474680377425879,-0.117952979395593,0.00645233468100399,-0.00795047587534222
0.51,0.474741527524394,-0.11802899980101,0.00578987664278792,-0.00726372735485984
0.52,0.474796405810056,-0.11809844804528,0.00519667400089826,-0.00663520961119867
0.53,0.474845667296435,-0.118161882072114,0.00466535896590792,-0.00606011553158445
0.54,0.474889897374499,-0.118219813677146,0.00418935946847978,-0.00553401782234794
0.55,0.474929619326525,-0.118272712165371,0.00376281218744209,-0.00505284115597833
0.56,0.474965301019046,-0.11832100773885,0.00338048514576515,-0.0046128360648923
0.57,0.474997360865171,-0.118365094631805,0.00303770882314023,-0.00421055451469269
0.58,0.475026173136666,-0.118405334009546,0.00273031484767866,-0.00384282708513855
0.59,0.475052072697321,-0.118442056646936,0.00245458143122534,-0.00350674168413122
0.6,0.475075359221255,-0.118475565401346,0.00220718480402938,-0.00319962371845054
0.61,0.475096300952766,-0.118506137494278,0.00198515598607954,-0.00291901764450999
0.62,0.4751151380581,-0.118534026615077,0.00178584230524687,-0.00266266982282931
0.63,0.475132085613914,-0.118559464859401,0.00160687313736409,-0.00242851260106661
0.64,0.475147336272287,-0.118582664514342,0.00144612940131431,-0.00221464955216266
0.65,0.475161062637702,-0.118603819701421,0.00130171639383103,-0.00201934179629522
0.66,0.475173419387524,-0.118623107887925,0.0011719395946896,-0.00184099533781498
0.67,0.475184545163991,-0.118640691276416,0.00105528311389877,-0.00167814935104638
0.68,0.475194564262655,-0.118656718081571,0.000950390488915861,-0.00152946535170929
0.69,0.475203588139463,-0.118671323702921,0.000856047572299946,-0.00139371719369072
0.7,0.475211716756179,-0.118684631801439,0.000771167279019235,-0.00126978183391566
0.71,0.475219039781719,-0.11869675528739,0.000694775988231141,-0.00115663081109275
0.72,0.475225637665009,-0.118707797226324,0.000626001417109171,-0.00105332238710839
0.73,0.475231582593256,-0.118717851669597,0.000564061804510575,-0.00095899430278573
0.74,0.475236939347994,-0.118727004415327,0.000508256260243097,-0.000872857102591393
0.75,0.475241766069913,-0.11873533370526,0.000457956151646487,-0.000794187985646249
0.76,0.475246114942261,-0.118742910862621,0.000412597413378928,-0.000722325143064753
0.77,0.475250032801527,-0.1187498008756,0.000371673678885507,-0.000656662544201749
0.78,0.475253561683168,-0.11875606293081,0.000334730143203137,-0.000596645136819847
0.79,0.475256739309288,-0.118761750900667,0.0003013580766805,-0.000541764428501085
0.8,0.475259599524395,-0.118766913788375,0.000271189918001201,-0.000491554418811771
0.81,0.475262172684726,-0.118771596133859,0.00024389488271699,-0.000445587853788509
0.82,0.475264486005992,-0.118775838383743,0.000219175030437723,-0.000403472776249569
0.83,0.475266563873874,-0.118779677228212,0.000196761739977547,-0.000364849347242555
0.84,0.475268428121118,-0.118783145907345,0.000176412547225348,-0.000329386915651094
0.85,0.475270098274655,-0.118786274489293,0.000157908305309285,-0.000296781314484835
0.86,0.475271591775783,-0.118789090122471,0.000141050631051201,-0.000266752364114607
0.87,0.475272924176103,-0.11879161726374,0.000125659604982169,-0.000239041563039147
0.88,0.475274109311611,-0.118793877884365,0.000111571697486728,-0.000213409951855702
0.89,0.475275159457051,-0.118795891655384,9.86378893627073e-05,-0.00018963612292896
0.9,0.47527608546241,-0.118797676113853,8.67219847366027e-05,-0.000167514402761217
0.91,0.475276896873197,-0.118799246811283,7.56990156644705e-05,-0.000146853035511552
0.92,0.475277602035956,-0.118800617445474,6.54540163606137e-05,-0.000127472941565272
0.93,0.475278208190272,-0.118801799976779,5.58800412932308e-05,-0.000109204847001374
0.94,0.475278721548388,-0.118802804729743,4.68795481937464e-05,-9.18929512571067e-05
0.95,0.475279147363361,-0.118803640480941,3.8353692721912e-05,-7.53745967333097e-05
0.96,0.475279489986585,-0.118804314533706,3.02371399242071e-05,-5.95498505757874e-05
0.97,0.475279752915353,-0.11880483278037,2.2363345152331e-05,-4.41158297201739e-05
0.98,0.475279938831035,-0.118805199752515,1.49628144748345e-05,-2.95524732079573e-05
0.99,0.475280049628304,-0.118805418659631,6.79928210643581e-06,-1.34380556401037e-05
1,0.475280086435778,-0.118805491416518,2.12148013189857e-06,-4.19450525438027e-06
