-1,-0.585609146811025,0.14635717182653,1.84501053179008e-06,-1.30235429668711e-05
-0.99,-0.585609114793079,0.146356945888927,5.91536284534719e-06,-4.173419496399e-05
-0.98,-0.585609018369795,0.146356265893303,1.30259069973969e-05,-9.1819645344399e-05
-0.97,-0.585608856427514,0.146355125270274,1.9490678640198e-05,-0.000137172819463198
-0.96,-0.585608627092263,0.146353513000883,2.63946380320946e-05,-0.000185356802746363
-0.95,-0.585608327702598,0.146351413510925,3.35482438366851e-05,-0.000234927774398368
-0.94,-0.585607954770827,0.14634880652163,4.11088175341613e-05,-0.000286875875617415
-0.93,-0.585607503931876,0.14634566685529,4.91477026713283e-05,-0.00034156541352502
-0.92,-0.585606969878785,0.146341964194021,5.77679843696506e-05,-0.000399560752765494
-0.91,-0.585606346283542,0.1463376627894,6.70748600832377e-05,-0.000461411342562056
-0.9,-0.585605625701683,0.146332721120266,7.71857058802459e-05,-0.000527716003453929
-0.89,-0.585604799458712,0.146327091495515,8.82297653375426e-05,-0.00059911280910952
-0.88,-0.585603857516026,0.146320719598158,0.000100350930011532,-0.000676289392556543
-0.87,-0.585602788313553,0.146313543966461,0.000113710062322938,-0.000759988336682278
-0.86,-0.585601578585824,0.146305495407318,0.00012848788113006,-0.0008510145128209
-0.85,-0.58560021314754,0.146296496336477,0.000144888217169143,-0.000950242607431728
-0.84,-0.585598674644045,0.146286460039531,0.000163141784024652,-0.00105862539341932
-0.83,-0.585596943261244,0.146275289846912,0.000183510535561899,-0.00117720268834715
-0.82,-0.585594996388558,0.146262878215331,0.000206292719725533,-0.00130711111345435
-0.81,-0.58559280822736,0.146249105707341,0.000231828750625001,-0.00144959472910761
-0.8,-0.585590349336003,0.146233839859761,0.000260508044215398,-0.00160601664097734
-0.79,-0.585587586100975,0.14621693393078,0.000292776988123796,-0.0017778716753292
-0.78,-0.585584480121858,0.146198225514518,0.000329148246705239,-0.00196680023053442
-0.77,-0.585580987495597,0.146177535010721,0.000370211638378529,-0.00217460342009668
-0.76,-0.585577057982975,0.146154663936043,0.000416646864902586,-0.00240325963153591
-0.75,-0.585572634037195,0.146129393062117,0.000469238422666584,-0.00265494263497688
-0.74,-0.585567649670837,0.146101480364187,0.000528893085729067,-0.00293204138532861
-0.73,-0.58556202913324,0.146070658762621,0.000596660420937798,-0.00323718167243383
-0.72,-0.585555685365342,0.146036633637989,0.000673756878999985,-0.00357324978445136
-0.71,-0.585548518193103,0.145999080098718,0.000761594104217798,-0.00394341836090369
-0.7,-0.585540412213614,0.145957639978485,0.000861812222549902,-0.00435117462314199
-0.69,-0.585531234319768,0.145911918538602,0.000976319006010253,-0.00480035118127132
-0.68,-0.585520830799542,0.145861480848566,0.00110733597506078,-0.00529515962760138
-0.67,-0.585509023934433,0.145805847815839,0.00125745269418452,-0.00584022713714596
-0.66,-0.585495608007887,0.145744491833628,0.00142969074463987,-0.00644063630520267
-0.65,-0.585480344618428,0.145676832013112,0.00162757912884495,-0.00710196846012218
-0.64,-0.585462957173086,0.145602228964157,0.00185524318037639,-0.00783035069542672
-0.63,-0.585443124414157,0.145519979086077,0.00211750943091838,-0.00863250686871498
-0.62,-0.585420472805636,0.145429308327542,0.00242002933087427,-0.0095158128143798
-0.61,-0.585394567574157,0.145329365372283,0.0027694252456511,-0.0104883560119415
-0.6,-0.585364902162029,0.145219214204867,0.00317346276867009,-0.01155899994039
-0.59,-0.585330885806019,0.145097826008606,0.00364125412094391,-0.0127374533296595
-0.58,-0.585291828903641,0.144964070345699,0.00418349826401551,-0.0140343444912159
-0.57,-0.585246925767565,0.144816705568063,0.00481276435925676,-0.0154613008682389
-0.56,-0.585195234296684,0.144654368406188,0.00554382638592768,-0.0170310338891456
-0.55,-0.585135652007522,0.144475562682872,0.00639405810991933,-0.0187574291326411
-0.54,-0.585066887769917,0.144278647099076,0.00738389920464728,-0.0206556417138471
-0.53,-0.584987428473768,0.144061822040663,0.00853740519775746,-0.0227421966744378
-0.52,-0.584895499716308,0.143823115357708,0.009882896086929,-0.0250350939990117
-0.51,-0.584789019438713,0.143560367072835,0.0114537209709449,-0.0275539176781182
-0.5,-0.584665543253361,0.143271212982045,0.0132891589133471,-0.0303199479871874
-0.49,-0.584522199984877,0.142953067121278,0.0154354795265516,-0.0333562758403058
-0.48,-0.584355615695106,0.142603103085227,0.0179471904569549,-0.0366879176970513
-0.47,-0.584161824170117,0.142218234202394,0.0208885030735178,-0.0403419290363935
-0.46,-0.583936161511952,0.141795092592922,0.0243350521953203,-0.044347513848994
-0.45,-0.583673142095339,0.141330007164549,0.0283759105786923,-0.0487361269211696
-0.44,-0.583366312716911,0.140818980638238,0.0331159440019629,-0.053541564871307
-0.43,-0.5830080812803,0.140257665740089,0.0386785579251932,-0.058800040931795
-0.42,-0.582589515826166,0.13964134075183,0.0452088915209568,-0.064550237324143
-0.41,-0.582100109137464,0.138964884680232,0.0528775188417242,-0.0708333277285622
-0.4,-0.581527503539146,0.138222752388439,0.0618847192179751,-0.0776929607788012
-0.39,-0.580857169890037,0.137408950131762,0.0724653785143887,-0.0851751936973491
-0.38,-0.580072034168354,0.136517012059515,0.0848945779620693,-0.0933283631090095
-0.37,-0.579152044536745,0.135539978385569,0.0994939156250994,-0.102202877724605
-0.36,-0.578073671420225,0.134470376096229,0.116638583976187,-0.111850914978328
-0.35,-0.576809333060762,0.133300203257236,0.13676519126495,-0.122326000861716
-0.34,-0.575326739394444,0.132020918204185,0.16038025869833,-0.133682449187899
-0.33,-0.57358814816523,0.130623435153679,0.188069242601152,-0.145974633453923
-0.32,-0.571549529259047,0.129098128055749,0.220505811516211,-0.159256061527244
-0.31,-0.569159636731075,0.127434844819007,0.258460941580729,-0.173578220838631
-0.3,-0.566358993443378,0.125622934372762,0.302811166861686,-0.188989160014553
-0.29,-0.563078801296162,0.123651289374406,0.354545021446304,-0.205531772483409
-0.28,-0.559239801517061,0.121508407708623,0.414766325248247,-0.223241749293546
-0.27,-0.554751125257305,0.119182476231647,0.484692489217895,-0.242145173170207
-0.26,-0.549509195733815,0.116661480452201,0.565645452854018,-0.262255734952174
-0.25,-0.543396770110863,0.113933343960129,0.659032243298695,-0.283571568476593
-0.24,-0.536282242578898,0.110986101347976,0.766311520426053,-0.306071722408761
-0.23,-0.528019369173597,0.107808108035804,0.888941956176889,-0.32971231918593
-0.22,-0.518447617871152,0.104388289705148,1.02830806719019,-0.354422493696048
-0.21,-0.507393390296975,0.100716432861123,1.18561943804867,-0.380100258433927
-0.2,-0.494672396869452,0.0967835162561384,1.36178048112535,-0.406608507271096
-0.19,-0.480093484507826,0.0925820804223824,1.55723037419491,-0.433771444103995
-0.18,-0.463464200378594,0.0881066293110211,1.77175696935239,-0.461371799848096
-0.17,-0.444598308750631,0.083354054038012,2.00429447555383,-0.489149271814731
-0.16,-0.423325342829638,0.0783240641233926,2.25272239311909,-0.516800669181561
-0.15,-0.39950205629324,0.0730196066806425,2.51369168918708,-0.543982258669901
-0.14,-0.373025339436062,0.0674472492599695,2.78251186820537,-0.570314755165755
-0.13,-0.343845802811279,0.0616174981687583,3.05313688257969,-0.59539127423231
-0.12,-0.311980855606111,0.0555450219313714,3.31828575046102,-0.618788346484419
-0.11,-0.27752579415513,0.0492487499957216,3.56972271242122,-0.640079791741028
-0.1,-0.240661264100563,0.0427518205907772,3.79870085151846,-0.65885288872974
-0.09,-0.201655559362634,0.0360813591675768,3.99654431925348,-0.674725901783465
-0.08,-0.160860626699761,0.0292680799195729,4.15531309170847,-0.687365705497689
-0.07,-0.118701341827769,0.0223457165772787,4.26846857437227,-0.696504053315204
-0.06,-0.0756585130728231,0.0153503034398138,4.33144669888371,-0.701951025169233
-0.05,-0.0322469811297655,0.00831934143227654,4.34205283949395,-0.703604389508511
-0.04,0.0110090800579495,0.00129089479904677,4.30061988237226,-0.701454009026826
-0.03,0.0536011634351337,-0.00569732980675634,4.20991100048674,-0.695580946094046
-0.02,0.0950592658532397,-0.0126088694858943,4.07479185426784,-0.686151492079324
-0.01,0.134970532366474,-0.0194093090433491,3.90173226184411,-0.673406856566482
0,0.172992392933006,-0.0260669646395301,3.69821722228546,-0.657649627745486
0.01,0.208859700039846,-0.0325534212988207,3.47214915102558,-0.639228309093055
0.02,0.242386139185292,-0.0388439116721739,3.23131004929821,-0.61852124567541
0.03,0.273460764764727,-0.0449175359597951,2.98293006924596,-0.595921106497641
0.04,0.302040854512056,-0.0507573333735762,2.73338427174719,-0.571820838754729
0.05,0.3281423809977,-0.0563502232068711,2.48801771365698,-0.546601712606233
0.06,0.351829316412382,-0.0616868382747443,2.25108344372262,-0.52062378117078
0.07,0.373202783730668,-0.0667612754161635,2.02576933134296,-0.494218825498353
0.08,0.392390809106802,-0.0715707874113163,1.81428703923163,-0.467685657807408
0.09,0.409539169303718,-0.0761154386837688,1.61799818364573,-0.441287523553634
0.1,0.424803598240403,-0.0803977441481447,1.4375569662657,-0.415251269026574
0.11,0.438343435341356,-0.0844223070674241,1.27305376258274,-0.389767915436638
0.12,0.450316669070416,-0.0881954682174805,1.124149232407,-0.364994290027618
0.13,0.460876247190404,-0.0917249753101105,0.99019286250366,-0.34105539725881
0.14,0.470167482047555,-0.0950196786746783,0.870323210720139,-0.318047258096459
0.15,0.478326364513481,-0.0980892567255141,0.763549491538745,-0.296039994976428
0.16,0.485478604823686,-0.100943972763198,0.668815655964164,-0.275080988553639
0.17,0.491739234761104,-0.103594463144682,0.585048958891648,-0.255197976559482
0.18,0.497212627668392,-0.106051555756524,0.511195361881166,-0.236402003206401
0.19,0.501992816620453,-0.108326116972749,0.44624415138822,-0.218690159034931
0.2,0.506164014193658,-0.110428924807923,0.389243990145654,-0.202048076073503
0.21,0.509801258180055,-0.112370565724823,0.339312355909777,-0.186452162293163
0.22,0.512971125641237,-0.11416135247012,0.29564002048906,-0.171871573412974
0.23,0.515732472714939,-0.115811260344726,0.257491922599257,-0.158269930025879
0.24,0.518137169721416,-0.117329879430538,0.22420551316767,-0.145606794608969
0.25,0.520230810672503,-0.118726380462953,0.195187411999173,-0.133838927006473
0.26,0.522053383636683,-0.120009492236212,0.169909013415521,-0.122921339067409
0.27,0.523639893939045,-0.121187488639902,0.147901514301435,-0.1128081698085
0.28,0.525020936229674,-0.122268183637805,0.128750707276233,-0.103453402176263
0.29,0.526223214349704,-0.123258932706701,0.11209177979131,-0.0948114415260945
0.3,0.527270009924478,-0.124166639447303,0.0976042819997864,-0.0868375745688249
0.31,0.52818160193474,-0.124997766259171,0.0850073677205186,-0.0794883259396617
0.32,0.528975640333147,-0.125758348134571,0.0740553697187509,-0.0727217278530478
0.33,0.529667477221558,-0.126454008772384,0.0645337394497306,-0.0664975166121858
0.34,0.530270459290066,-0.127089978342596,0.0562553595579717,-0.0607772681057251
0.35,0.530796185222285,-0.127671112345454,0.0490572225363986,-0.0555244828857098
0.36,0.53125473165322,-0.128201911108102,0.0427974592425567,-0.0507046300030506
0.37,0.53165485107082,-0.128686539546747,0.0373526950541262,-0.0462851574899695
0.38,0.532004144812273,-0.129128846895397,0.0326157082568766,-0.0422354762256548
0.39,0.532309214044386,-0.129532386164384,0.028493363988163,-0.0385269228984626
0.4,0.53257579134998,-0.129900433144391,0.0249047971025494,-0.0351327068785539
0.41,0.532808855279837,-0.130236004815859,0.0217798182368855,-0.0320278450299516
0.42,0.533012729979496,-0.130541877060421,0.0190575188048009,-0.0291890878106748
0.43,0.533191171766063,-0.130820601601513,0.0166850524115769,-0.0265948394234464
0.44,0.533347444314617,-0.13107452212636,0.0146165720850788,-0.0242250742772978
0.45,0.533484383917414,-0.13130578956193,0.0128123046533633,-0.0220612515924387
0.46,0.533604456101913,-0.13151637649391,0.0112377454904453,-0.0200862296179426
0.47,0.533709804734962,-0.131708090730896,0.00986295864925114,-0.0182841806257362
0.48,0.53380229459913,-0.131882588026271,0.00866196907744518,-0.0166405075875584
0.49,0.533883548302002,-0.13204138397824,0.00761223515313213,-0.0151417632271725
0.5,0.533954978268689,-0.132185865134466,0.00669419117782452,-0.0137755719621891
0.51,0.534017814470638,-0.13231729933217,0.00589085072634807,-0.0125305551030912
0.52,0.534073128458574,-0.132436845307571,0.00518746288215788,-0.01139625955681
0.53,0.534121854192789,-0.132545561610552,0.00457121439036354,-0.0103630901844513
0.54,0.534164806098884,-0.132644414861499,0.00403097164960495,-0.00942224588401808
0.55,0.534202694720243,-0.132734287387642,0.00355705724745744,-0.00856565940619755
0.56,0.534236140289125,-0.132815984276068,0.00314105643272298,-0.00778594086188186
0.57,0.534265684495243,-0.13289023987996,0.00277564952149832,-0.00707632484184897
0.58,0.534291800693393,-0.132957723813633,0.00245446676174822,-0.00643062104006249
0.59,0.534314902759277,-0.133019046470803,0.00217196264162518,-0.00584316825069529
0.6,0.534335352774581,-0.133074764099089,0.00192330702805565,-0.00530879159390925
0.61,0.534353467698027,-0.133125383462276,0.0017042908714268,-0.00482276281551531
0.62,0.534369525158012,-0.133171366120275,0.0015112445154657,-0.00438076349978558
0.63,0.534383768484188,-0.133213132355098,0.00134096691483063,-0.00397885103219718
0.64,0.534396411079566,-0.133251064769533,0.00119066429149123,-0.00361342714904388
0.65,0.534407640220987,-0.13328551158357,0.00105789695894136,-0.00328120891302634
0.66,0.53441762036404,-0.133316789652063,0.000940533214858772,-0.00297920195771436
0.67,0.534426496018219,-0.133345187225545,0.000836709351336291,-0.00270467584873606
0.68,0.534434394249308,-0.133370966474623,0.000744794960338084,-0.00245514141537915
0.69,0.534441426858272,-0.133394365796955,0.0006633628232297,-0.002228329912721
0.7,0.534447692279383,-0.133415601924448,0.000591162769362424,-0.00202217388121427
0.71,0.534453277234514,-0.133434871847006,0.000527098971904072,-0.00183478957770052
0.72,0.534458258175643,-0.133452354567951,0.00047021022090449,-0.00166446085890806
0.73,0.534462702543285,-0.133468212705069,0.000419652775686069,-0.00150962440555241
0.74,0.534466669864897,-0.133482593950162,0.000374685452501639,-0.00136885618214501
0.75,0.534470212714069,-0.133495632398964,0.000334656649638988,-0.00124085903433713
0.76,0.534473377548574,-0.133507449762334,0.000298993052266111,-0.00112445133215558
0.77,0.534476205442912,-0.133518156468753,0.000267189794035129,-0.00101855657376327
0.78,0.534478732728944,-0.133527852667326,0.000238801882333309,-0.000922193870320704
0.79,0.53448099155639,-0.13353662913973,0.000213436719965265,-0.000834469238182111
0.8,0.534483010383412,-0.133544568128836,0.000190747578398723,-0.000754567629990069
0.81,0.534484814406158,-0.133551744091062,0.000170427897022052,-0.000681745641242341
0.82,0.534486425934966,-0.133558224378931,0.000152206299560779,-0.000615324833598964
0.83,0.53448786472392,-0.133564069859716,0.000135842233195293,-0.000554685620558881
0.84,0.534489148259569,-0.133569335475535,0.000121122148457146,-0.000499261665250063
0.85,0.534490292013839,-0.1335740707498,0.000107856148646237,-0.000448534743719514
0.86,0.534491309665535,-0.133578320244438,9.58750468803645e-05,-0.000402030030994553
0.87,0.534492213294215,-0.133582123971922,8.5027776738112e-05,-0.000359311768917843
0.88,0.534493013549749,-0.133585517765738,7.51791105014513e-05,-0.000319979283327723
0.89,0.534493719800412,-0.133588533612595,6.62076402381929e-05,-0.000283663299711701
0.9,0.534494340261987,-0.133591199949305,5.80039999714589e-05,-0.000250022587837436
0.91,0.534494882110029,-0.133593541927011,5.04692451959114e-05,-0.000218740673603967
0.92,0.534495351577115,-0.133595581645104,4.35135574566046e-05,-0.000189523457349805
0.93,0.534495754036682,-0.133597338356948,3.70545208139543e-05,-0.000162094478213943
0.94,0.534496094074813,-0.133598828649246,3.10176687549751e-05,-0.000136199872541343
0.95,0.534496375551104,-0.133600066596676,2.53291307671797e-05,-0.000111577950023289
0.96,0.534496601649612,-0.133601063893184,1.99382478094927e-05,-8.80615086383849e-05
0.97,0.534496774920667,-0.13360182996113,1.47287468948636e-05,-6.5185351643332e-05
0.98,0.534496897314233,-0.133602372039269,9.84615106437442e-06,-4.36409101742511e-05
0.99,0.534496970205319,-0.133602695250362,4.47204441953104e-06,-1.98377771358799e-05
1,0.534496994411858,-0.133602802649043,1.39495855229984e-06,-6.19091363475551e-06
