-1,-0.626121517083997,0.156397456174944,4.35546172583897e-06,-3.83715926444698e-05
-0.99,-0.626121441481003,0.156396790481476,1.39699747537253e-05,-0.000122964855153582
-0.98,-0.626121213683855,0.156394786922759,3.07846817739206e-05,-0.000270544642305819
-0.97,-0.62612083070957,0.156391426001446,4.61227279925008e-05,-0.000404200584637872
-0.96,-0.626120287524314,0.15638667501335,6.25722686071962e-05,-0.000546225841787887
-0.95,-0.626119576948393,0.156380487732502,7.97165507280106e-05,-0.000692376731444121
-0.94,-0.626118689519668,0.156372803966154,9.79629224152226e-05,-0.000845581391352988
-0.93,-0.626117613311724,0.156363548975619,0.000117522760310833,-0.00100692476801403
-0.92,-0.626116333701847,0.156352632757599,0.000138691382402922,-0.00117808210289541
-0.91,-0.626114833082442,0.156339949179388,0.000161780494611562,-0.0013606856896382
-0.9,-0.626113090507913,0.156325374960011,0.000187144819426275,-0.00155651441513784
-0.89,-0.626111081267143,0.156308768487987,0.000215184817448439,-0.00176746407020225
-0.88,-0.626108776369491,0.156289968464947,0.000246357437325264,-0.0019955778231854
-0.87,-0.62610614192964,0.15626879236281,0.000281186684076603,-0.00224306219003415
-0.86,-0.62610313843352,0.156245034680618,0.00032027661783478,-0.00251230871550101
-0.85,-0.626099719863875,0.156218464985406,0.000364326574239856,-0.00280591616918467
-0.84,-0.62609583265964,0.156188825719703,0.000414149249223376,-0.00312671488219906
-0.83,-0.626091414478044,0.156155829756292,0.000470692178166241,-0.00347779303638148
-0.82,-0.62608639272207,0.156119157678881,0.000535063309163035,-0.00386252521881984
-0.81,-0.626080682788352,0.156078454765134,0.00060856149281233,-0.00428460343561221
-0.8,-0.626074185981534,0.156033327646256,0.000692712880282544,-0.00474807082615355
-0.79,-0.626066787030238,0.155983340614927,0.000789314420132382,-0.00525735832203351
-0.78,-0.626058351126716,0.155928011550846,0.000900485884680743,-0.00581732450876652
-0.77,-0.626048720396558,0.155866807430541,0.00102873214529926,-0.00643329895848204
-0.76,-0.626037709685951,0.155799139385334,0.00117701776344592,-0.00711112931085794
-0.75,-0.626025101531289,0.155724357268581,0.00134885638160689,-0.00785723238605517
-0.74,-0.626010640148653,0.155641743690429,0.0015484178997376,-0.00867864961654273
-0.73,-0.625994024247938,0.155550507475463,0.00178065702471432,-0.00958310708317056
-0.72,-0.625974898436983,0.155449776495821,0.00205146750231895,-0.0105790804331431
-0.71,-0.625952842933802,0.155338589829605,0.00236786720662234,-0.0116758649417798
-0.7,-0.625927361248229,0.155215889191974,0.0027382202973119,-0.0128836509537477
-0.69,-0.62589786542617,0.155080509584082,0.00317250389393035,-0.0142136049000204
-0.68,-0.625863658368006,0.15493116910336,0.00368262819387254,-0.0156779560305712
-0.67,-0.625823912634869,0.15476645785759,0.00428282072088517,-0.017290088925456
-0.66,-0.625777645039473,0.154584825925107,0.00499008748254182,-0.0190646417434003
-0.65,-0.62572368617839,0.15438457030449,0.0058247662925355,-0.0210176100308347
-0.64,-0.62566064389584,0.154163820799758,0.00681119043723314,-0.0231664557379895
-0.63,-0.625586859470583,0.153920524791671,0.00797848430067424,-0.0255302208630782
-0.62,-0.625500355081795,0.153652430852924,0.0093615165735672,-0.0281296448598281
-0.61,-0.625398770830857,0.15335707117538,0.0110020413228217,-0.0309872845847576
-0.6,-0.625279289267111,0.153031742791883,0.012950062540324,-0.0341276351133719
-0.59,-0.625138544979739,0.152673487594583,0.0152654638512498,-0.0375772492009952
-0.58,-0.624972516367863,0.152279071177214,0.0180199518290486,-0.0413648524835478
-0.57,-0.624776396180011,0.151844960561857,0.0212993687510378,-0.0455214506824967
-0.56,-0.624544436816961,0.151367300912936,0.0252064384373929,-0.0500804240697212
-0.55,-0.624269765716092,0.150841891394544,0.0298640166749108,-0.0550776032326132
-0.54,-0.623944165383163,0.150264160393849,0.0354189250023282,-0.0605513187258236
-0.53,-0.62355781181944,0.149629140415853,0.0420464523115113,-0.0665424154712978
-0.52,-0.623098964231558,0.148931443056007,0.0499556112332892,-0.0730942207417426
-0.51,-0.622553598050993,0.148165234580363,0.0593952332894519,-0.0802524522088767
-0.5,-0.621904972500595,0.147324212791276,0.0706609748976067,-0.088065049842006
-0.49,-0.621133123339156,0.146401586033741,0.084103280671262,-0.0965819124094663
-0.48,-0.620214271160823,0.145390055406337,0.100136304348938,-0.105854516001925
-0.47,-0.619120135972098,0.14428180148419,0.119247712050373,-0.115935388448277
-0.46,-0.617817150067144,0.143068477140717,0.14200917555333,-0.126877409890729
-0.45,-0.616265563957654,0.141741208369524,0.16908719006943,-0.138732906388707
-0.44,-0.614418444934309,0.14029060535377,0.201253604019443,-0.151552500638556
-0.43,-0.612220575575139,0.138706786398627,0.239394908607349,-0.165383682326038
-0.42,-0.609607271188532,0.136979417716916,0.284518885284319,-0.180269061113725
-0.41,-0.606503151943286,0.135097772412889,0.337756639811419,-0.196244268940296
-0.4,-0.60282092847138,0.133050812305222,0.400357370615729,-0.213335486633071
-0.39,-0.598460289976715,0.130827296412714,0.473672467696878,-0.231556584580116
-0.38,-0.593307021626681,0.128415919920831,0.5591248120063,-0.250905890363767
-0.37,-0.587232522195325,0.125805487159926,0.658158618695006,-0.27136262980114
-0.36,-0.580093940281451,0.122985121444575,0.772165116782668,-0.292883133308487
-0.35,-0.571735191359162,0.11994451342538,0.902380165023199,-0.315396957328584
-0.34,-0.561989147611436,0.116674207772162,1.04975202412912,-0.338803139101136
-0.33,-0.550681292601898,0.113165925454555,1.21478136563933,-0.362966877514442
-0.32,-0.537635084640707,0.109412915594482,1.39734140453234,-0.387717004145248
-0.31,-0.52267915762171,0.105410326930352,1.59649351028786,-0.412844663165634
-0.3,-0.505656294104009,0.101155584608917,1.81032171532542,-0.438103638861713
-0.29,-0.486433835668474,0.0966487537486284,2.03581621438114,-0.463212735904498
-0.28,-0.464914877081238,0.091892867619604,2.26883853398127,-0.487860514314096
-0.27,-0.44104927830718,0.0868941960984968,2.50419685808205,-0.511712501878598
-0.26,-0.414843298792398,0.0816624300103035,2.7358475203427,-0.534420760961646
-0.25,-0.386366592478928,0.0762107596042019,2.95721880902261,-0.555635402563309
-0.24,-0.355755456883027,0.0705558308946401,3.16162981637817,-0.575017363484131
-0.23,-0.323211611696322,0.0647175715964991,3.34275616024671,-0.59225154581098
-0.22,-0.288996334441365,0.0587188880413491,3.49508227513353,-0.607059309259265
-0.21,-0.25342039221755,0.0525852445410042,3.61428058285054,-0.619209333800452
-0.2,-0.216830748496096,0.0463441457890635,3.69747117704506,-0.628526031224623
-0.19,-0.179595382288632,0.0400245498461574,3.74333768764474,-0.634894949755103
-0.18,-0.142087677144158,0.0336562432361031,3.75209947795731,-0.638264935643071
-0.17,-0.104671726242988,0.0272692104242785,3.72536121421923,-0.638647134236274
-0.16,-0.0676896153012507,0.0208930277179486,3.66587421803802,-0.63611118285819
-0.15,-0.0314513699774953,0.0145563070766459,3.57724879327655,-0.630779138620735
-0.14,0.00377213000196211,0.00828620930872818,3.46365419981963,-0.62281778542499
-0.13,0.0377533009247529,0.00210803953511953,3.32953567811939,-0.612429982137227
-0.12,0.0703093484679296,-0.00395506862287487,3.17936862749304,-0.599845665507018
-0.11,0.101301537798996,-0.00988237937450596,3.01746087418148,-0.585313028722343
-0.1,0.130632743137812,-0.0156556954943284,2.8478062767459,-0.569090281039659
-0.09,0.158243782013861,-0.021259420795912,2.67398728329436,-0.55143827354082
-0.08,0.184108996159351,-0.0266805539571572,2.4991204965381,-0.532614163645703
-0.07,0.208231471298281,-0.0319086245378608,2.32583751587906,-0.512866194461008
-0.06,0.230638207614913,-0.0369355823889906,2.15629287661442,-0.492429588060284
-0.05,0.251375472558802,-0.0417556513432168,1.99219135581986,-0.471523494904672
-0.04,0.270504494901263,-0.0463651572922201,1.83482788601123,-0.450348903289882
-0.03,0.288097597301526,-0.0507623396709178,1.6851345229524,-0.429087390246102
-0.02,0.304234815337227,-0.0549471541250151,1.54373015296839,-0.407900585564223
-0.01,0.319001013662273,-0.058921072847346,1.41096977339795,-0.386930220425465
0,0.332483483396505,-0.0626868878113102,1.28699117122307,-0.366298638622446
0.01,0.344769987304946,-0.0662485209609665,1.17175763451186,-0.346109659170902
0.02,0.355947208963569,-0.0696108443700065,1.06509596084866,-0.326449692302824
0.03,0.366099557209846,-0.0727795124720811,0.966729493563368,-0.30738902495219
0.04,0.375308276229983,-0.0757608076965669,0.876306244822079,-0.288983205856535
0.05,0.383650813389375,-0.0785615002120369,0.793422381007126,-0.271274473608417
0.06,0.391200400377983,-0.0811887219741361,0.717641475549342,-0.254293182980582
0.07,0.398025807665879,-0.0836498548818163,0.648509999746675,-0.238059195403074
0.08,0.404191237098773,-0.0859524325511924,0.585569541701092,-0.222583208523996
0.09,0.409756322328318,-0.0881040550047251,0.528366232180616,-0.207868007373568
0.1,0.414776211418141,-0.0901123154308301,0.476457825386831,-0.193909625873036
0.11,0.419301710243245,-0.0919847380823506,0.429418840750207,-0.180698412421953
0.12,0.423379469129559,-0.0937287263400714,0.386844125037811,-0.168219997211563
0.13,0.427052198534193,-0.0953515199595894,0.348351146382927,-0.156456161903423
0.14,0.430358902451522,-0.0968601605379188,0.313581286019189,-0.145385614528963
0.15,0.433335120672841,-0.0982614642731335,0.28220035113455,-0.134984674043947
0.16,0.436013173067356,-0.0995620011403786,0.253898494192819,-0.125227870033179
0.17,0.438422400734573,-0.100768079666093,0.228389690613956,-0.116088463711176
0.18,0.440589400248914,-0.101885736545619,0.205410897818955,-0.107538896694098
0.19,0.442538248321125,-0.102920730414728,0.184720994075609,-0.0995511741030163
0.2,0.444290715079149,-0.103878539150842,0.166099574949068,-0.0920971884607667
0.21,0.445866464860803,-0.104764360143266,0.149345668031623,-0.0851489906153283
0.22,0.447283243944577,-0.105583113032591,0.134276412552791,-0.0786790136025866
0.23,0.448557055051684,-0.106339444476627,0.120725739021629,-0.0726602549826648
0.24,0.449702318756134,-0.107037734553607,0.108543074827717,-0.0670664227718065
0.25,0.450732022160678,-0.107682104462411,0.0975920943656687,-0.0618720496652137
0.26,0.451657855351876,-0.108276425224448,0.0877495264323844,-0.0570525798195741
0.27,0.452490336251335,-0.108824327132381,0.078904027101687,-0.0525844320475875
0.28,0.453238924543918,-0.109329209727408,0.0709551227734159,-0.0484450428780755
0.29,0.453912125396734,-0.109794252119444,0.0638122254244865,-0.0446128925589209
0.3,0.454517583692467,-0.110222423493552,0.0573937200931326,-0.0410675167292704
0.31,0.45506216949328,-0.110616493671576,0.0516261231669385,-0.0377895061636164
0.32,0.455552055431695,-0.110979043620477,0.0464433090077516,-0.0347604966940211
0.33,0.455992786696407,-0.111312475818534,0.0417858017401305,-0.0319631511475137
0.34,0.456389344246856,-0.111619024407733,0.037600128580028,-0.0293811348927393
0.35,0.456746201852698,-0.111900765075501,0.0338382308268316,-0.0269990863719126
0.36,0.457067377514936,-0.112159624621667,0.0304569285366648,-0.0248025837995422
0.37,0.457356479785608,-0.112397390177524,0.0274174348997184,-0.0227781090365693
0.38,0.457616749463486,-0.112615718053139,0.0246849164292051,-0.0209130094957636
0.39,0.457851097105032,-0.112816142196921,0.0222280952106628,-0.0191954587997289
0.4,0.45806213675319,-0.113000082258104,0.0200188896394021,-0.0176144167949638
0.41,0.458252216251849,-0.113168851248262,0.018032090276761,-0.0161595894225169
0.42,0.458423444481251,-0.113323662802575,0.0162450676718596,-0.0148213888562979
0.43,0.458577715819117,-0.11346563804523,0.0146375092163024,-0.0135908942426542
0.44,0.458716732104106,-0.113595812066358,0.0131911823195256,-0.0124598133080453
0.45,0.458842022352122,-0.113715140020294,0.0118897214070791,-0.0114204450443427
0.46,0.458954960452101,-0.113824502856751,0.0107184364505884,-0.010465643632337
0.47,0.459056781045936,-0.113924712697947,0.00966414093466049,-0.00958878372243148
0.48,0.459148593777234,-0.114016517875679,0.00871499735066194,-0.0087837271563483
0.49,0.459231396075328,-0.114100607643054,0.0078603784801889,-0.0080447911841445
0.5,0.459306084624443,-0.114177616576009,0.00709074289138098,-0.00736671820620474
0.51,0.459373465652879,-0.114248128679915,0.00639752321957071,-0.00674464704950189
0.52,0.459434264163476,-0.114312681216592,0.00577302594011262,-0.00617408577071151
0.53,0.459489132214366,-0.114371768266907,0.00521034146617276,-0.00565088596523117
0.54,0.459538656347887,-0.114425844043866,0.00470326351845857,-0.00517121855033613
0.55,0.459583364255559,-0.114475325970737,0.00424621681786201,-0.00473155098220646
0.56,0.459623730758008,-0.11452059753833,0.0038341922465237,-0.00432862586004421
0.57,0.459660183170601,-0.11456201095503,0.00346268870854719,-0.00395944086564628
0.58,0.459693106118275,-0.114599889602683,0.00312766099924834,-0.0036212299833917
0.59,0.459722845856492,-0.114634530310839,0.00282547306195391,-0.00331144594330706
0.6,0.459749714149347,-0.114666205461301,0.0025528560746926,-0.00302774382864657
0.61,0.459773991750582,-0.114695164934328,0.00230687086631441,-0.00276796578896974
0.62,0.459795931528523,-0.114721637907249,0.00208487421293403,-0.00253012679986983
0.63,0.459815761271682,-0.114745834515661,0.00188448861189269,-0.00231240141129869
0.64,0.459833686207965,-0.114767947386824,0.00170357517209325,-0.00211311142758506
0.65,0.459849891267006,-0.114788153054279,0.0015402092969265,-0.00193071446376493
0.66,0.459864543112063,-0.114806613262182,0.00139265886960143,-0.00176379332461132
0.67,0.459877791965193,-0.114823476167335,0.0012593646808254,-0.00161104615471252
0.68,0.459889773246926,-0.11483887744636,0.00113892286581592,-0.00147127731004504
0.69,0.45990060904948,-0.114852941314997,0.00103006914186964,-0.00134338890367291
0.7,0.459910409460568,-0.114865781466044,0.000931664659429473,-0.00122637298043662
0.71,0.459919273753075,-0.114877501932007,0.000842683299093548,-0.00111930427775505
0.72,0.459927291454302,-0.114888197878122,0.000762200264411831,-0.00102133353189675
0.73,0.459934543307051,-0.114897956330996,0.000689381835924484,-0.000931681291286719
0.74,0.459941102133549,-0.114906856847781,0.000623476165962078,-0.000849632200600007
0.75,0.459947033612071,-0.11491497213038,0.000563805006166114,-0.000774529721477821
0.76,0.459952396975088,-0.114922368588928,0.000509756270901968,-0.000705771257737063
0.77,0.459957245636869,-0.114929106858405,0.00046077734980218,-0.00064280365490871
0.78,0.459961627757627,-0.114935242272005,0.000416369091613954,-0.000585119045801596
0.79,0.459965586750555,-0.114940825294583,0.000376080389560005,-0.000532251015573195
0.8,0.459969161737478,-0.114945901919237,0.000339503305594342,-0.000483771061479352
0.81,0.459972387958186,-0.114950514029869,0.000306268677348237,-0.000439285324074099
0.82,0.459975297138052,-0.114954699732324,0.000276042157298368,-0.000398431568140815
0.83,0.459977917818004,-0.114958493656501,0.000248520638794542,-0.00036087639304435
0.84,0.459980275650521,-0.114961927231636,0.000223429028204054,-0.000326312653549378
0.85,0.459982393664931,-0.114965028936769,0.000200517326425053,-0.000294457073306067
0.86,0.459984292504924,-0.114967824528241,0.000179557986831277,-0.000265048034632229
0.87,0.459985990640908,-0.114970337245903,0.000160343519360369,-0.000237843528279283
0.88,0.459987504559524,-0.114972587999573,0.000142684315781357,-0.000212619251694966
0.89,0.459988848932397,-0.114974595537123,0.000126406664359334,-0.000189166830821455
0.9,0.459990036765966,-0.114976376595473,0.000111350959504564,-0.000167292195015962
0.91,0.459991079534016,-0.114977946035609,9.73699831454485e-05,-0.000146813935020855
0.92,0.459991987294355,-0.114979316962665,8.43276246100901e-05,-0.000127562222571878
0.93,0.459992768790905,-0.114980500831958,7.20965851630707e-05,-0.000109376079422258
0.94,0.45999343154229,-0.114981507541805,6.05604152334608e-05,-9.21072019086064e-05
0.95,0.459993981917904,-0.114982345513808,4.95998536308039e-05,-7.55996679747741e-05
0.96,0.459994425202251,-0.114983021761235,3.9138158331909e-05,-5.97599550803788e-05
0.97,0.459994765648267,-0.114983541946013,2.89666219573824e-05,-4.42901731889426e-05
0.98,0.459995006520191,-0.114983910424777,1.93907360184701e-05,-2.96784147269138e-05
0.99,0.459995150126436,-0.114984130284316,8.81388452857016e-06,-1.34976588453474e-05
1,0.459995197842826,-0.114984203366709,2.75051628447822e-06,-4.21352939940602e-06
