-1,-0.629780127861116,0.157289135458797,5.08560836375826e-06,-4.50034449914806e-05
-0.99,-0.629780039577379,0.157288354711805,1.63139043943807e-05,-0.000144217207768813
-0.98,-0.629779773531767,0.157286004871899,3.5957578864096e-05,-0.000317303793278842
-0.97,-0.629779326117493,0.157282063069183,5.38937460868444e-05,-0.000474060405753187
-0.96,-0.629778691243853,0.157276490942766,7.31538108736855e-05,-0.000640633323796443
-0.95,-0.629777860214849,0.157269234271824,9.32618034981393e-05,-0.000812045506584195
-0.94,-0.629776821554479,0.157260222454333,0.000114705787454894,-0.000991731179859217
-0.93,-0.629775560773799,0.157249367828701,0.000137747361764839,-0.00118096271091573
-0.92,-0.629774060073116,0.157236564832104,0.000162749174382016,-0.0013817046450522
-0.91,-0.629772297970785,0.157221688987816,0.000190096844842305,-0.00159587097434241
-0.9,-0.629770248847888,0.157204595712353,0.000220231014511753,-0.00182554738286653
-0.89,-0.629767882395517,0.157185118931605,0.000253651677380796,-0.00207295635745214
-0.88,-0.629765162948386,0.157163069493504,0.000290932126780328,-0.00234049284205461
-0.87,-0.629762048684944,0.157138233362986,0.000332732987363038,-0.00263074286016006
-0.86,-0.629758490669966,0.1571103695832,0.00037981944954083,-0.00294650880852549
-0.85,-0.629754431710512,0.157079207984934,0.000433081544126346,-0.00329083532145681
-0.84,-0.629749804990191,0.157044446624203,0.00049355830649089,-0.00366703760462936
-0.83,-0.629744532439382,0.157005748925773,0.000562466569045197,-0.00407873200830485
-0.82,-0.629738522790433,0.156962740508093,0.000641235344710198,-0.00452986919511212
-0.81,-0.629731669256427,0.156915005662758,0.000731546938489058,-0.00502477011554031
-0.8,-0.629723846759571,0.156862083459047,0.000835386159875538,-0.0055681650566385
-0.79,-0.629714908620212,0.156803463441522,0.000955099286697485,-0.00616523602882671
-0.78,-0.629704682599325,0.156738580885915,0.00109346476713546,-0.00682166276755033
-0.77,-0.629692966165525,0.156666811575751,0.00125377805077591,-0.00754367263232361
-0.76,-0.629679520831337,0.156587466059294,0.00143995342627813,-0.00833809468940879
-0.75,-0.629664065371911,0.156499783343573,0.00165664632823746,-0.00921241826338114
-0.74,-0.629646267701277,0.156402923979364,0.00190940027880242,-0.0101748562360609
-0.73,-0.629625735135522,0.156295962488358,0.00220482347341453,-0.0112344133567996
-0.72,-0.629602002717263,0.156177879081141,0.00255080103178298,-0.0124009598036474
-0.71,-0.629574519209697,0.156047550612461,0.00295675014673879,-0.0136853101977176
-0.7,-0.629542630289161,0.155903740718428,0.00343392681171996,-0.015099308219634
-0.69,-0.629505558369933,0.155745089079196,0.00399579453561477,-0.0166559169032101
-0.68,-0.629462378380947,0.155570099750378,0.00465846751004847,-0.0183693145822825
-0.67,-0.629411988677568,0.155377128507303,0.00544124313380613,-0.0202549963357564
-0.66,-0.629353076108517,0.155164369148607,0.0063672416837852,-0.0223298806060621
-0.65,-0.629284074063618,0.154929838709942,0.00746417431591702,-0.0246124204483047
-0.64,-0.629203112096858,0.154671361545307,0.00876526455020908,-0.0271227185907399
-0.63,-0.629107955445209,0.15438655224344,0.0103103530060055,-0.0298826451391246
-0.62,-0.628995932440078,0.154072797360407,0.0121472204597232,-0.032915956322862
-0.61,-0.628863847427965,0.153727235968198,0.0143331703282892,-0.036248412142065
-0.6,-0.628707876372751,0.153346739043732,0.0169369184252334,-0.0399078901111893
-0.59,-0.628523441797169,0.152927887754631,0.0200408452097081,-0.0439244914832473
-0.58,-0.628305063130022,0.152466950739078,0.0237436735545633,-0.0483306353522923
-0.57,-0.628046177855994,0.151959860528851,0.0281636429245683,-0.0531611348415799
-0.56,-0.627738928118705,0.151402189329485,0.0334422581424776,-0.0584532481592488
-0.55,-0.627373906615675,0.150789124451888,0.0397486966012371,-0.0642466956103599
-0.54,-0.626939854769323,0.150115443788605,0.0472849602671322,-0.070583631663238
-0.53,-0.626423305304331,0.149375491848164,0.0562918557332996,-0.0775085588540605
-0.52,-0.625808160580473,0.148563157006132,0.0670558734545707,-0.0850681676625135
-0.51,-0.625075197435208,0.147671850804786,0.0799170111853521,-0.0933110835090146
-0.5,-0.624201489054146,0.146694490337974,0.0952775397022937,-0.102287498748804
-0.49,-0.623159734762279,0.145623484996243,0.113611631884069,-0.112048664058748
-0.48,-0.62191748997302,0.144450729121054,0.13547565709905,-0.122646210092012
-0.47,-0.620436291339361,0.143167602424877,0.161518766595085,-0.134131266983095
-0.46,-0.61867067707947,0.141764980372183,0.192493144585754,-0.146553346636919
-0.45,-0.616567110338577,0.140233257075306,0.22926295529724,-0.159958951340429
-0.44,-0.614062825320043,0.138562383622358,0.272810562053187,-0.174389872948924
-0.43,-0.611084632916666,0.136741925095287,0.324238023063415,-0.189881150869691
-0.42,-0.607547745831682,0.134761139815072,0.384761192201641,-0.206458665758053
-0.41,-0.603354713543665,0.132609084512226,0.455693020030068,-0.224136361016317
-0.4,-0.598394595034429,0.130274749089702,0.538411966853967,-0.242913107787612
-0.39,-0.592542540604674,0.127747224328225,0.634310994251609,-0.262769263033538
-0.38,-0.585659999606352,0.125015905170595,0.744722684562592,-0.283663015810506
-0.37,-0.577595811364611,0.122070730993641,0.870817039516894,-0.305526674099757
-0.36,-0.568188460553246,0.118902462425296,1.01347087330182,-0.328263111380022
-0.35,-0.557269770189801,0.115502991717737,1.17311181971881,-0.351742663151386
-0.34,-0.544670246977217,0.111865680447963,1.34954592063161,-0.375800829214411
-0.33,-0.530226168166622,0.107985714505604,1.54178510470831,-0.400237183630607
-0.32,-0.513788298023224,0.103860462223708,1.7478983467329,-0.424815903539682
-0.31,-0.495231853864498,0.0994898175708789,1.96491579899737,-0.449268282628355
-0.3,-0.47446703933369,0.0948765071705063,2.18881606413791,-0.473297481907435
-0.29,-0.451449184634347,0.0900263382460347,2.41462071349622,-0.496585587195166
-0.28,-0.426187355138307,0.0849483650581638,2.63660634049192,-0.518802803014649
-0.27,-0.398750282384897,0.0796549544219722,2.84862459937122,-0.539618347964982
-0.26,-0.369268675270891,0.074161736501214,3.04449922224806,-0.558712372210361
-0.25,-0.337933371194261,0.0684874348247657,3.2184518688272,-0.575788042355515
-0.24,-0.304989315841871,0.0626535784571256,3.36550113114912,-0.590582871594087
-0.23,-0.270725904802904,0.0566841082929941,3.48178352398344,-0.602878430799624
-0.22,-0.235464663812266,0.0506048973109018,3.56476038179872,-0.612507749074571
-0.21,-0.199545502611699,0.044443210315787,3.6132956061831,-0.619359966064221
-0.2,-0.163312820039856,0.0382271316484184,3.62761032519176,-0.623382085413562
-0.19,-0.127102589922871,0.0319849894530315,3.60913689969833,-0.624577951108178
-0.18,-0.0912312808006081,0.0257448027193895,3.56030384778936,-0.623004788862403
-0.17,-0.0559871318099018,0.0195337730893911,3.48428514303496,-0.618767802534326
-0.16,-0.0216239871350509,0.0133778381000313,3.38474367973794,-0.612013386807734
-0.15,0.0116423739162548,0.00730129685356263,3.26559185586032,-0.602921520983286
-0.14,0.0436356644954825,0.00132651366114689,3.13078438598085,-0.591697860924464
-0.13,0.0742186425145208,-0.00452629958040065,2.98415117969606,-0.57856596550784
-0.12,0.103291202365348,-0.0102392254066772,2.82927225619458,-0.563759997391395
-0.11,0.130787418162491,-0.0157967132277875,2.66939248991658,-0.547518139142647
-0.1,0.156671914416471,-0.0211855901674434,2.50737139947587,-0.530076874267893
-0.09,0.180935884847816,-0.0263950193622506,2.34566191777747,-0.511666204124703
-0.08,0.203593017228468,-0.0314164151654292,2.18631177301348,-0.492505808629008
-0.07,0.224675519696541,-0.0362433245289216,2.03098144478618,-0.472802111360557
-0.06,0.244230386967094,-0.0408712832687547,1.88097336942968,-0.45274617692644
-0.05,0.262315995944729,-0.0452976550866098,1.73726795195152,-0.432512348240143
-0.04,0.278999080421089,-0.0495214602395698,1.60056285896272,-0.412257521357505
-0.03,0.294352103667423,-0.0535431997099143,1.47131292900588,-0.392120953321183
-0.02,0.308451024986787,-0.0573646796948499,1.349768794723,-0.372224501941788
-0.01,0.32137344050826,-0.0609888402593153,1.23601294435315,-0.352673203731989
0,0.333197068413306,-0.0644195911037434,1.1299924558201,-0.333556105798322
0.01,0.343998543147707,-0.0676616566097661,1.03154802420066,-0.31494727820995
0.02,0.353852480880921,-0.0707204316469863,0.940439187661954,-0.296906944334747
0.03,0.362830778581549,-0.0736018490524347,0.856365855303859,-0.279482677251648
0.04,0.37100211081033,-0.0763122592255129,0.778986369945227,-0.262710620216637
0.05,0.378431591083492,-0.0788583219063148,0.707932415498365,-0.246616698045822
0.06,0.385180567969464,-0.0812469099137601,0.642821115801471,-0.231217794074238
0.07,0.39130652961549,-0.0834850244009022,0.583264680895134,-0.216522874033449
0.08,0.396863093923168,-0.0855797210271373,0.52887794672914,-0.202534043805136
0.09,0.401900064948576,-0.0875380463405155,0.479284132113896,-0.189247532629994
0.1,0.406463539199045,-0.0893669835984912,0.434119107578291,-0.176654597081043
0.11,0.410596048284716,-0.0910734072238852,0.393034438415081,-0.164742344056761
0.12,0.414336726840495,-0.0926640450872571,0.355699431196495,-0.153494473321679
0.13,0.417721496765904,-0.0941454478211137,0.321802381155408,-0.142891941825064
0.14,0.420783260653618,-0.0955239644001911,0.291051188118823,-0.132913553258276
0.15,0.423552098817137,-0.096805723261158,0.263173481739251,-0.123536477155108
0.16,0.42605546561335,-0.0979966182810281,0.23791637284386,-0.114736702372392
0.17,0.428318381816956,-0.0991022989835599,0.215045926830814,-0.106489430075901
0.18,0.430363620670766,-0.100128164394795,0.194346437057442,-0.0987694114541152
0.19,0.432211885936722,-0.101079360020988,0.17561956086935,-0.0915512353360704
0.2,0.433881980832714,-0.101960777473246,0.158683368049766,-0.0848095707370074
0.21,0.435390967182765,-0.102777056312361,0.143371340744537,-0.0785193691278792
0.22,0.43675431445302,-0.103532587733897,0.129531355063731,-0.0726560309465371
0.23,0.437986038610473,-0.104231519757272,0.117024667312922,-0.0671955405591866
0.24,0.439098830940488,-0.104877763623026,0.105724921925172,-0.062114573555468
0.25,0.440104177105296,-0.105475001139646,0.0955171934331298,-0.0573905799310801
0.26,0.441012466829511,-0.106026692755247,0.0862970710490614,-0.053001846386676
0.27,0.441833094668873,-0.106536086160095,0.0779697914438944,-0.0489275406570492
0.28,0.442574552362239,-0.10700622525358,0.0704494229937737,-0.045147740484998
0.29,0.44324451329018,-0.107439959333993,0.0636581029730659,-0.0416434495722318
0.3,0.443849909571245,-0.107839952391418,0.0575253278158888,-0.0383966025772606
0.31,0.444397002322833,-0.108208692403557,0.0519872955592684,-0.0353900609879896
0.32,0.444891445600922,-0.108548500551432,0.0469862988499796,-0.0326076014750142
0.33,0.445338344513984,-0.10886154028695,0.042470166386181,-0.0300338981298416
0.34,0.445742307983328,-0.109149826197446,0.038391750327108,-0.0276544998098763
0.35,0.446107496596302,-0.109415232623674,0.0347084570005034,-0.0254558036479845
0.36,0.446437665971549,-0.109659501997577,0.0313818181371946,-0.0234250256376296
0.37,0.4467362060276,-0.109884252874582,0.0283770998401431,-0.0215501690738156
0.38,0.447006176518312,-0.110090987642401,0.025662946531173,-0.019819991514068
0.39,0.447250339171472,-0.11028109989442,0.023211057196811,-0.0182239708212553
0.4,0.447471186740581,-0.110455881460931,0.0209958913623492,-0.0167522707599238
0.41,0.447670969254795,-0.110616529095753,0.0189944023506558,-0.0153957065388441
0.42,0.447851717728204,-0.110764150819393,0.017185795521828,-0.014145710623544
0.43,0.448015265567373,-0.110899771922805,0.0155513093355759,-0.0129942990826967
0.44,0.448163267895171,-0.111024340638176,0.0140740172258643,-0.0119340386803689
0.45,0.448297218989582,-0.11113873348509,0.0127386484235276,-0.0109580148814078
0.46,0.448418468018254,-0.111243760301859,0.0115314260049329,-0.0100598008989035
0.47,0.448528233232998,-0.111340168972947,0.0104399205816023,-0.00923342787990156
0.48,0.448627614773278,-0.111428649864246,0.00945291817591443,-0.00847335629771411
0.49,0.448717606213785,-0.111509839978502,0.00856030095086793,-0.00777444859570495
0.5,0.448799104978466,-0.11158432684354,0.00775293957704369,-0.00713194310769453
0.51,0.448872921731739,-0.111652652146136,0.00702259612722396,-0.00654142926375685
0.52,0.448939788847048,-0.111715315124338,0.00636183648866313,-0.00599882407664537
0.53,0.449000368043262,-0.111772775731014,0.00576395137496046,-0.0055003498930325
0.54,0.44905525727069,-0.111825457581117,0.00522288510413386,-0.00504251338485374
0.55,0.449104996920524,-0.111873750694952,0.00473317138719023,-0.00462208574898625
0.56,0.449150075424342,-0.111918014049313,0.00428987544262136,-0.0042360840780103
0.57,0.449190934303774,-0.111958577948024,0.00388854181721485,-0.00388175386066434
0.58,0.449227972724556,-0.111995746222941,0.00352514735283633,-0.00355655256760534
0.59,0.449261551603845,-0.112029798276048,0.00319605879271097,-0.00325813427604934
0.6,0.449291997314867,-0.112060990972799,0.00289799456971135,-0.00298433528563352
0.61,0.449319605028629,-0.112089560396367,0.00262799036370054,-0.00273316067727944
0.62,0.449344641728467,-0.112115723472004,0.00238336805520429,-0.00250277176682811
0.63,0.449367348929708,-0.112139679470201,0.00216170773919476,-0.00229147440565898
0.64,0.449387945133493,-0.112161611396907,0.00196082249583115,-0.0020977080813129
0.65,0.449406628040933,-0.112181687278545,0.0017787356448233,-0.00192003577223567
0.66,0.4494235765512,-0.112200061349181,0.00161366023707033,-0.00175713451208224
0.67,0.449438952564781,-0.112216875146682,0.00146398056157334,-0.00160778662051619
0.68,0.449452902611036,-0.112232258524358,0.00132823546759617,-0.00147087155905919
0.69,0.449465559317294,-0.112246330584112,0.00120510332187003,-0.00134535837225331
0.7,0.449477042735015,-0.112259200536772,0.00109338843849203,-0.00123029867615637
0.71,0.449487461536998,-0.112270968494895,0.000992008835303631,-0.00112482015798676
0.72,0.449496914098231,-0.112281726202974,0.000899985185001455,-0.00102812055251734
0.73,0.449505489471723,-0.112291557709664,0.000816430842287115,-0.000939462062592487
0.74,0.449513268269545,-0.112300539986294,0.000740542840204674,-0.000858166192912768
0.75,0.449520323458265,-0.112308743495671,0.00067159375932071,-0.000783608967919035
0.76,0.44952672107708,-0.112316232714863,0.000608924382939233,-0.000715216506268204
0.77,0.449532520886102,-0.112323066615401,0.000551937060152468,-0.000652460926002688
0.78,0.449537776951512,-0.112329299104084,0.00050008970620354,-0.000594856556043648
0.79,0.449542538173641,-0.112334979427339,0.00045289037658118,-0.000541956431111099
0.8,0.449546848763412,-0.112340152541848,0.000409892357493009,-0.000493349048572851
0.81,0.449550748672066,-0.11234485945398,0.000370689720962327,-0.000448655367052075
0.82,0.449554273978543,-0.11234913753033,0.000334913297826238,-0.000407526027881658
0.83,0.449557457238528,-0.112353020781514,0.00030222702640966,-0.000369638781668394
0.84,0.449560327798684,-0.11235654012119,0.000272324638750768,-0.000334696103371265
0.85,0.449562912079299,-0.112359723602099,0.000244926649787258,-0.000302422980252727
0.86,0.449565233828205,-0.112362596630799,0.0002197776183811,-0.000272564858318557
0.87,0.449567314348547,-0.112365182162587,0.000196643651215709,-0.000244885732713722
0.88,0.449569172702703,-0.112367500878004,0.000175310126250086,-0.000219166372362562
0.89,0.449570825894411,-0.112369571342177,0.000155579603074684,-0.000195202654978331
0.9,0.449572289030942,-0.112371410148128,0.000137269933190134,-0.000172804045044084
0.91,0.449573575466939,-0.112373032045094,0.000120212422438853,-0.000151792039926931
0.92,0.449574696931373,-0.112374450052766,0.000104250506273896,-0.000131999186458655
0.93,0.449575663638882,-0.112375675562289,8.92371353243307e-05,-0.000113266372634139
0.94,0.449576484386604,-0.112376718424742,7.50375217893521e-05,-9.54469158526007e-05
0.95,0.449577166637476,-0.112377587027751,6.15123556688911e-05,-7.83856025992609e-05
0.96,0.449577716590818,-0.112378288360784,4.85743195630788e-05,-6.19914863919311e-05
0.97,0.449578139240918,-0.112378828069618,3.59713988526409e-05,-4.59610118639917e-05
0.98,0.449578438424191,-0.112379210500359,2.40900972046478e-05,-3.08063386991241e-05
0.99,0.449578616855377,-0.112379438733361,1.09525498139201e-05,-1.40127564335272e-05
1,0.44957867615315,-0.112379514607265,3.41839113890144e-06,-4.37470741501069e-06
