-1,-0.628003531540941,0.156856993557712,4.70018857783105e-06,-4.15372709894393e-05
-0.99,-0.628003449951171,0.156856272944048,1.50765540109292e-05,-0.000133109557416554
-0.98,-0.628003204097713,0.156854104089654,3.32265637710171e-05,-0.00029286491677364
-0.97,-0.628002790707306,0.156850465886806,4.97903502561316e-05,-0.000437547947987452
-0.96,-0.628002204254427,0.156845322930244,6.7565021046421e-05,-0.000591291114315308
-0.95,-0.628001436854188,0.156838625176415,8.6105501117436e-05,-0.000749500712201154
-0.94,-0.628000478108266,0.156830307462007,0.000105856822845779,-0.000915346508124293
-0.93,-0.627999314899644,0.156820288877357,0.000127053570531173,-0.00109000297251795
-0.92,-0.627997931130435,0.156808471988959,0.000150022244188953,-0.00127528351596199
-0.91,-0.627996307395452,0.15679474190395,0.000175108710412677,-0.00147295498578678
-0.9,-0.627994420582288,0.156778965168022,0.000202707358448281,-0.00168494282200124
-0.89,-0.627992243386496,0.156760988486737,0.000233264542668908,-0.00191329889024323
-0.88,-0.627989743727874,0.156740637258633,0.000267290794856147,-0.0021602344337772
-0.87,-0.627986884050852,0.156717713906932,0.000305372970897032,-0.00242813731612169
-0.86,-0.627983620488346,0.156691995994857,0.000348189180170889,-0.00271959543456019
-0.85,-0.627979901864187,0.156663234107828,0.000396526308097143,-0.00303742067676561
-0.84,-0.627975668504074,0.156631149483795,0.000451300868805107,-0.00338467517712839
-0.83,-0.627970850818867,0.156595431370993,0.000513583812494769,-0.00376469966507197
-0.82,-0.627965367616657,0.156555734090207,0.000584630106501172,-0.00418114423892491
-0.81,-0.627959124091222,0.15651167377636,0.000665914055166529,-0.00463800176912278
-0.8,-0.627952009423823,0.156462824771874,0.000759171523007042,-0.005139644184387
-0.79,-0.62794389392253,0.156408715641685,0.000866450460247338,-0.00569086189590127
-0.78,-0.627934625607898,0.156348824777222,0.000990171413543415,-0.00629690662775144
-0.77,-0.62792402613533,0.156282575553895,0.00113320004567111,-0.0069635379300965
-0.76,-0.627911885922249,0.156209331003867,0.00129893409855782,-0.00769707365841299
-0.75,-0.627897958321439,0.156128387962998,0.00149140772744425,-0.00850444470544175
-0.74,-0.627881952649798,0.156038970648028,0.00171541672687115,-0.00939325427133334
-0.73,-0.627863525843052,0.155940223617194,0.00197666888098549,-0.0103718419503286
-0.72,-0.627842272460547,0.155831204064795,0.00228196452440528,-0.0114493528972836
-0.71,-0.627817712708381,0.155710873397689,0.00263941342281746,-0.0126358123121591
-0.7,-0.627789278082141,0.155578088039501,0.00305869530619805,-0.0139422054423831
-0.69,-0.627756294150057,0.155431589406589,0.00355137284960037,-0.0153805632483644
-0.68,-0.627717959900995,0.155269992998708,0.00413126763925604,-0.0169640538020975
-0.67,-0.627673322966255,0.155091776547107,0.00481491173390593,-0.0187070793875964
-0.66,-0.627621249886116,0.154895267163737,0.00562208988882879,-0.0206253791387206
-0.65,-0.627560390427249,0.154678627437709,0.00657649041258303,-0.0227361368771685
-0.64,-0.627489134760854,0.154439840429605,0.00770648603924962,-0.0250580935920244
-0.63,-0.627405562078054,0.154176693521153,0.00904607018901456,-0.0276116637215089
-0.62,-0.627307378942802,0.153886761087863,0.0106359786204282,-0.0304190540446079
-0.61,-0.627191845356479,0.15356738597632,0.0125250318017504,-0.0335043835499265
-0.6,-0.627055686125457,0.153215659786703,0.0147717393760898,-0.0368938021036569
-0.59,-0.626894984675948,0.152828401986213,0.0174462148531536,-0.0406156050673741
-0.58,-0.626705055942674,0.152402137911473,0.0206324560462064,-0.0447003401958589
-0.57,-0.626480294363856,0.151933075759548,0.024431054589744,-0.0491809021486642
-0.56,-0.626213992342152,0.151417082719681,0.0289624057511804,-0.0540926087473003
-0.55,-0.62589812378169,0.150849660463518,0.0343704970553459,-0.0594732516711812
-0.54,-0.625523086495724,0.150225920292982,0.040827359955967,-0.0653631125776079
-0.53,-0.625077396420949,0.149540558344835,0.0485382713431087,-0.0718049336232834
-0.52,-0.624547325715575,0.148787831372641,0.0577477887163418,-0.0788438290316109
-0.51,-0.623916476030419,0.147961533773413,0.0687466909504595,-0.0865271216768331
-0.5,-0.623165277637666,0.147054976701351,0.0818798708543658,-0.0949040856479616
-0.49,-0.622270404851183,0.146060970317686,0.0975551794027638,-0.104025572449549
-0.48,-0.621204098524562,0.144971810466599,0.116253145466024,-0.113943494979375
-0.47,-0.619933387723148,0.143779271343612,0.13853737714355,-0.124710139855234
-0.46,-0.618419205422793,0.142474606034233,0.165065276490481,-0.136377275309554
-0.45,-0.616615397943052,0.141048557142828,0.196598450923322,-0.148995019141754
-0.44,-0.61446763561208,0.139491380095588,0.234011863029946,-0.162610429716938
-0.43,-0.611912243902929,0.137792882070886,0.278300308993853,-0.177265783573077
-0.42,-0.608874991129965,0.135942479858933,0.330580245629149,-0.192996506987279
-0.41,-0.605269891907982,0.133929280241422,0.392084306973845,-0.209828737316841
-0.4,-0.600998115858729,0.131742186655286,0.464145107846217,-0.227776504839324
-0.39,-0.595947128699975,0.129370035888718,0.548164224043286,-0.24683854913716
-0.38,-0.589990236685333,0.126801768258204,0.645561747999473,-0.266994817736864
-0.37,-0.582986751888629,0.124026634021206,0.757701827362618,-0.288202740168904
-0.36,-0.574783038198551,0.121034437569714,0.885790488584701,-0.310393428134341
-0.35,-0.565214725019481,0.117815819111532,1.03074427904291,-0.33346802019597
-0.34,-0.554110372066849,0.114362570999065,1.19303223475421,-0.357294462276462
-0.33,-0.541296815770807,0.110667982600672,1.37249955654258,-0.381705083956301
-0.32,-0.526606307882383,0.106727203734575,1.56818879441526,-0.406495381245326
-0.31,-0.509885359512765,0.102537612465648,1.77818214320892,-0.431424431569609
-0.3,-0.491004934696656,0.098099168950704,1.99949458846723,-0.456217327637611
-0.29,-0.469871326429389,0.0934147336286185,2.22804942793486,-0.480569908988704
-0.28,-0.446436751677427,0.0884903261091186,2.45876260556215,-0.504155888883188
-0.27,-0.420708496420553,0.0833353013095934,2.6857491524675,-0.52663623118608
-0.26,-0.392755403865697,0.0779624222071486,2.90264512808668,-0.547670356963491
-0.25,-0.362710677782916,0.0723878141161001,3.1030159264769,-0.566928499007941
-0.24,-0.330770365452579,0.0666307932781135,3.28080268994128,-0.584104325715273
-0.23,-0.297187426579103,0.0607135718860795,3.43074867490182,-0.598926867137135
-0.22,-0.262261874238917,0.0546608512366407,3.54874997454989,-0.611170818178026
-0.21,-0.22632796709865,0.0484993232161861,3.63208927103459,-0.620664461118807
-0.2,-0.189739741023194,0.042257106662147,3.67953290602883,-0.62729470969487
-0.19,-0.152856249335651,0.0359631486136857,3.69129443374956,-0.63100908085181
-0.18,-0.116027750620252,0.0296466208981721,3.66888647985556,-0.631814696090369
-0.17,-0.079583801603831,0.02333634019774,3.61489396637428,-0.629774659570423
-0.16,-0.043823859291791,0.0170602353522406,3.5327050531855,-0.625002329407385
-0.15,-0.00901064429814472,0.0108448799914593,3.42623301258966,-0.617654084684277
-0.14,0.024633781627858,0.00471510245410802,3.29965517235055,-0.607921201295279
-0.13,0.0569294896747226,-0.00130632098024381,3.1571864898683,-0.596021401645524
-0.12,0.0877381091088591,-0.00719888876104398,3.00289711247658,-0.58219055666822
-0.11,0.116960661221756,-0.0129445161173588,2.84057652433539,-0.566674912816095
-0.1,0.144534259797607,-0.0185276031452192,2.67364199680622,-0.549724107319963
-0.09,0.170428096269732,-0.0239350377017955,2.50508600283243,-0.531585133235052
-0.08,0.194639065595697,-0.0291561430406634,2.33745573129115,-0.512497328373103
-0.07,0.217187317554253,-0.0341825804983833,2.17285745735954,-0.492688392248883
-0.06,0.238111947167871,-0.0390082173087662,2.0129789109228,-0.47237138306219
-0.05,0.257466973282708,-0.0436289689504938,1.85912361748561,-0.451742611135497
-0.04,0.275317699177417,-0.048042624480091,1.71225222199865,-0.430980323793273
-0.03,0.291737504557137,-0.0522486621937336,1.57302687684856,-0.410244066663366
-0.02,0.306805084192554,-0.056248061798466,1.44185577514828,-0.389674605065753
-0.01,0.32060212375485,-0.0600431181302772,1.31893578187217,-0.369394294036699
0,0.333211386651724,-0.0636372603841515,1.2042918351139,-0.349507794493092
0.01,0.344715175353075,-0.0670348798515085,1.09781235713959,-0.330103044360323
0.02,0.355194125339429,-0.0702411683101146,0.99928034263909,-0.311252405854571
0.03,0.364726288108815,-0.0732619684860092,0.908400099026176,-0.293013922571601
0.04,0.373386460543236,-0.0761036374037011,0.82481982239852,-0.27543263193495
0.05,0.381245720483738,-0.0787729229519953,0.748150323856747,-0.258541889484426
0.06,0.38837113191323,-0.0812768536073248,0.677980293172645,-0.242364671214464
0.07,0.3948255871933,-0.0836226409618387,0.613888516321229,-0.226914828610727
0.08,0.40066775798537,-0.0858175944868084,0.555453463184537,-0.212198278187717
0.09,0.405952130563523,-0.0878690478106034,0.502260642007301,-0.19821411326781
0.1,0.410729105041632,-0.0897842956929013,0.453908085664762,-0.184955630568917
0.11,0.415045141502882,-0.0915705408224434,0.410010297141391,-0.172411268008525
0.12,0.418942939095053,-0.0932348495453036,0.370200941795927,-0.160565453117655
0.13,0.422461636832904,-0.0947841156364323,0.334134534681665,-0.149399363717528
0.14,0.425637027143784,-0.0962250312524791,0.30148733409674,-0.138891604164897
0.15,0.428501775131917,-0.0975640642431168,0.271957618635228,-0.129018801628234
0.16,0.431085638155117,-0.0988074410467796,0.245265494762212,-0.119756127612305
0.17,0.433415681642409,-0.0999611344513305,0.221152355463521,-0.111077750386673
0.18,0.435516488169553,-0.101030855557859,0.199380087714431,-0.102957224164774
0.19,0.437410357687231,-0.102022049344429,0.179730107125322,-0.09536782088382
0.2,0.439117497496387,-0.102939893284527,0.162002281834521,-0.0882828103003451
0.21,0.440656201116032,-0.103789298530985,0.14601379417704,-0.0816756938815516
0.22,0.442043015616559,-0.104574913229516,0.131597977509029,-0.0755203976702303
0.23,0.443292897318319,-0.105301127576047,0.118603156472889,-0.0697914289561539
0.24,0.444419356000014,-0.105972080278561,0.106891511635897,-0.064464001218669
0.25,0.445434587940197,-0.106591666126913,0.0963379835467047,-0.0595141314288789
0.26,0.446349598241366,-0.107163544413096,0.0868292265829496,-0.054918713426188
0.27,0.447174312970779,-0.107691147979762,0.0782626192961544,-0.0506555707210987
0.28,0.44791768170431,-0.108177692706564,0.0705453351155235,-0.0467034917298754
0.29,0.448587771086956,-0.108626187272299,0.0635934750949552,-0.043042250120399
0.3,0.449191850031791,-0.109039443056085,0.0573312627490467,-0.0396526126447498
0.31,0.449736467173313,-0.109420084063142,0.0516902998160682,-0.0365163365537266
0.32,0.450227521174903,-0.10977055678039,0.0466088809201893,-0.0336161584319654
0.33,0.450670324466666,-0.110093139884278,0.0420313645088392,-0.0309357760591032
0.34,0.451069660961604,-0.110389953738257,0.0379075970546485,-0.028459824691838
0.35,0.451429838266713,-0.110662969630275,0.0341923872869245,-0.0261738489725662
0.36,0.451754734872666,-0.110914018711869,0.0308450271164305,-0.0240642715012159
0.37,0.45204784277225,-0.111144800610055,0.0278288559084377,-0.0221183589565627
0.38,0.45231230592456,-0.111356891691361,0.0251108648180676,-0.0203241865201691
0.39,0.452550954949551,-0.111551752964308,0.0226613380094629,-0.0186706012387394
0.4,0.452766338406484,-0.11173073761247,0.0204535277211433,-0.0171471848576239
0.41,0.452960750980205,-0.111895098155099,0.018463360302287,-0.0157442165680722
0.42,0.453136258871317,-0.112045993236344,0.0166691705195646,-0.0144526360323534
0.43,0.45329472266019,-0.112184494047366,0.0150514616147184,-0.0132640069827703
0.44,0.453437817890492,-0.112311590388328,0.0135926887742006,-0.0121704816317823
0.45,0.453567053595395,-0.112428196379332,0.0122770638501234,-0.0111647660798766
0.46,0.453683788968887,-0.112535155831047,0.0110903793438744,-0.0102400868645313
0.47,0.453789248365574,-0.112633247286982,0.0100198498281789,-0.00939015875673803
0.48,0.453884534794873,-0.112723188750287,0.00905396913898134,-0.00860915388031626
0.49,0.45397064205957,-0.112805642108585,0.00818238181458991,-0.00789167220294667
0.5,0.454048465674183,-0.11288121727068,0.00739576739577427,-0.00723271342585987
0.51,0.454118812685319,-0.112950476029209,0.00668573632691154,-0.00662765028086658
0.52,0.454182410504244,-0.113013935663272,0.00604473631500621,-0.00607220322841184
0.53,0.454239914850978,-0.113072072294984,0.00546596811080232,-0.00556241653813746
0.54,0.454291916899354,-0.113125324013621,0.00494330977467354,-0.00509463572364875
0.55,0.45433894970361,-0.113174093780745,0.00447124858000551,-0.00466548629546134
0.56,0.454381493978966,-0.113218752129273,0.00404481978890576,-0.00427185379014871
0.57,0.454419983301428,-0.113259639669029,0.00365955160978247,-0.00391086502925022
0.58,0.454454808785441,-0.113297069410825,0.00331141571429038,-0.00357987055831707
0.59,0.45448632329216,-0.113331328920619,0.00299678275263809,-0.00327642821433826
0.6,0.45451484521573,-0.113362682314772,0.00271238236199155,-0.00299828776854783
0.61,0.454540661890206,-0.113391372106884,0.00245526721331305,-0.00274337659113415
0.62,0.454564032655405,-0.113417620916164,0.00222278068738674,-0.00250978628445699
0.63,0.454585191616122,-0.113441633046754,0.00201252781194121,-0.00229576023197522
0.64,0.454604350125619,-0.113463595946909,0.00182234912896297,-0.00209968201108915
0.65,0.454621699021197,-0.113483681556407,0.00165029719466462,-0.00192006461939493
0.66,0.454637410636794,-0.113502047550089,0.001494615444715,-0.001755540465394
0.67,0.454651640615057,-0.113518838484931,0.0013537191844409,-0.00160485207642294
0.68,0.454664529539029,-0.113534186857587,0.00122617848809816,-0.00146684347842154
0.69,0.454676204401557,-0.113548214078912,0.00111070281324837,-0.00134045220409838
0.7,0.454686779928686,-0.11356103137153,0.00100612715596446,-0.00122470188803791
0.71,0.454696359771649,-0.113572740596131,0.000911399590371756,-0.00111869540932305
0.72,0.454705037580583,-0.113583435011762,0.000825570051866226,-0.00102160854423914
0.73,0.454712897971767,-0.113593199975064,0.000747780237621507,-0.000932684093608578
0.74,0.454720017398961,-0.113602113582995,0.000677254510988959,-0.00085122645129697
0.75,0.454726464938398,-0.113610247263334,0.000613291707750616,-0.000776596582291739
0.76,0.454732302995943,-0.113617666316866,0.000555257752541167,-0.00070820738059886
0.77,0.454737587944135,-0.113624430414946,0.000502579003105322,-0.000645519378995034
0.78,0.454742370695987,-0.113630594055802,0.000454736248308139,-0.000588036784353902
0.79,0.454746697221767,-0.113636206982714,0.000411259293301653,-0.000535303813892577
0.8,0.454750609014299,-0.113641314566966,0.000371722071932202,-0.000486901309224286
0.81,0.454754143507812,-0.113645958158238,0.000335738232466927,-0.000442443606562415
0.82,0.454757334454798,-0.113650175404893,0.000302957148095795,-0.000401575642802666
0.83,0.454760212264923,-0.113654000546426,0.000273060308445449,-0.000363970278494895
0.84,0.45476280430958,-0.113657464680149,0.000245758052728123,-0.000329325819969912
0.85,0.45476513519535,-0.113660596004034,0.000220786608869133,-0.00029736372392945
0.86,0.45476722700923,-0.113663420037432,0.000197905406578868,-0.000267826469143472
0.87,0.45476909953825,-0.113665959821301,0.000176894634823108,-0.000240475579876148
0.88,0.454770770465781,-0.113668236099362,0.000157553019520093,-0.000215089790447048
0.89,0.454772255546591,-0.113670267481529,0.000139695789326759,-0.000191463326573978
0.9,0.454773568762499,-0.1136720705908,0.000123152838548109,-0.00016940433444826
0.91,0.454774722460245,-0.113673660194696,0.000107766952798097,-0.000148733285740601
0.92,0.454775727473021,-0.113675049322213,9.33925068909415e-05,-0.000129281946640611
0.93,0.454776593226922,-0.113676249367157,7.9893022704742e-05,-0.000110890666030503
0.94,0.454777327833436,-0.113677270178627,6.71435268566745e-05,-9.34123134836386e-05
0.95,0.45477793816892,-0.113678120139329,5.50154692144968e-05,-7.66917315383466e-05
0.96,0.454778429941893,-0.113678806232289,4.34271334684227e-05,-6.06368588885296e-05
0.97,0.454778807748845,-0.113679334096489,3.21499745697678e-05,-4.49479809839778e-05
0.98,0.454779075119128,-0.113679708071815,2.15261385841628e-05,-3.0123075051504e-05
0.99,0.454779234549401,-0.113679931233681,9.78563772106178e-06,-1.37008765369596e-05
1,0.454779287527992,-0.113680005417569,3.05396984826289e-06,-4.27714486329776e-06
